336 # base pairs
  0 # ***local base-pair & step parameters***
#          Shear      Stretch    Stagger    Buckle     Prop-Tw    Opening    Shift      Slide      Rise       Tilt       Roll       Twist
A-T        0.00000    0.00000    0.00000    0.00000    0.00000    0.00000    0.00000    0.00000    0.00000    0.00000    0.00000    0.00000
A-T        0.00000    0.00000    0.00000    0.00000    0.00000    0.00000    -0.00000   -0.00000   3.40000    0.60360    0.88530    34.28570
A-T        0.00000    0.00000    0.00000    0.00000    0.00000    0.00000    -0.00000   0.00000    3.40000    0.99740    0.39140    34.28570
C-G        0.00000    0.00000    0.00000    0.00000    0.00000    0.00000    0.00000    -0.00000   3.40000    1.04460    -0.23840   34.28570
G-C        0.00000    0.00000    0.00000    0.00000    0.00000    0.00000    0.00000    0.00000    3.40000    0.72880    -0.78540   34.28570
C-G        0.00000    0.00000    0.00000    0.00000    0.00000    0.00000    0.00000    0.00000    3.40000    0.15970    -1.05950   34.28570
G-C        0.00000    0.00000    0.00000    0.00000    0.00000    0.00000    -0.00000   0.00000    3.40000    -0.46490   -0.96530   34.28570
C-G        0.00000    0.00000    0.00000    0.00000    0.00000    0.00000    -0.00000   -0.00000   3.40000    -0.92790   -0.53570   34.28570
G-C        0.00000    0.00000    0.00000    0.00000    0.00000    0.00000    -0.00000   -0.00000   3.40000    -1.06840   0.08010    34.28570
A-T        0.00000    0.00000    0.00000    0.00000    0.00000    0.00000    -0.00000   -0.00000   3.40000    -0.83770   0.66800    34.28570
G-C        0.00000    0.00000    0.00000    0.00000    0.00000    0.00000    -0.00000   0.00000    3.40000    -0.31580   1.02380    34.28570
G-C        0.00000    0.00000    0.00000    0.00000    0.00000    0.00000    -0.00000   0.00000    3.40000    0.31580    1.02380    34.28570
C-G        0.00000    0.00000    0.00000    0.00000    0.00000    0.00000    -0.00000   -0.00000   3.40000    0.83770    0.66800    34.28570
A-T        0.00000    0.00000    0.00000    0.00000    0.00000    0.00000    0.00000    -0.00000   3.40000    1.06840    0.08010    34.28570
G-C        0.00000    0.00000    0.00000    0.00000    0.00000    0.00000    0.00000    -0.00000   3.40000    0.92790    -0.53570   34.28570
C-G        0.00000    0.00000    0.00000    0.00000    0.00000    0.00000    0.00000    0.00000    3.40000    0.46490    -0.96530   34.28570
T-A        0.00000    0.00000    0.00000    0.00000    0.00000    0.00000    -0.00000   0.00000    3.40000    -0.15970   -1.05950   34.28570
G-C        0.00000    0.00000    0.00000    0.00000    0.00000    0.00000    -0.00000   0.00000    3.40000    -0.72880   -0.78540   34.28570
T-A        0.00000    0.00000    0.00000    0.00000    0.00000    0.00000    -0.00000   -0.00000   3.40000    -1.04460   -0.23840   34.28570
A-T        0.00000    0.00000    0.00000    0.00000    0.00000    0.00000    -0.00000   -0.00000   3.40000    -0.99740   0.39140    34.28570
T-A        0.00000    0.00000    0.00000    0.00000    0.00000    0.00000    0.00000    0.00000    3.40000    -0.60360   0.88530    34.28570
G-C        0.00000    0.00000    0.00000    0.00000    0.00000    0.00000    0.00000    -0.00000   3.40000    0.00000    1.07140    34.28570
G-C        0.00000    0.00000    0.00000    0.00000    0.00000    0.00000    0.00000    0.00000    3.40000    0.60360    0.88530    34.28570
C-G        0.00000    0.00000    0.00000    0.00000    0.00000    0.00000    0.00000    0.00000    3.40000    0.99740    0.39140    34.28570
A-T        0.00000    0.00000    0.00000    0.00000    0.00000    0.00000    0.00000    0.00000    3.40000    1.04460    -0.23840   34.28570
T-A        0.00000    0.00000    0.00000    0.00000    0.00000    0.00000    0.00000    0.00000    3.40000    0.72880    -0.78540   34.28570
G-C        0.00000    0.00000    0.00000    0.00000    0.00000    0.00000    0.00000    0.00000    3.40000    0.15970    -1.05950   34.28570
A-T        0.00000    0.00000    0.00000    0.00000    0.00000    0.00000    -0.00000   0.00000    3.40000    -0.46490   -0.96530   34.28570
A-T        0.00000    0.00000    0.00000    0.00000    0.00000    0.00000    -0.00000   0.00000    3.40000    -0.92790   -0.53570   34.28570
A-T        0.00000    0.00000    0.00000    0.00000    0.00000    0.00000    0.00000    -0.00000   3.40000    -1.06840   0.08010    34.28570
G-C        0.00000    0.00000    0.00000    0.00000    0.00000    0.00000    0.00000    0.00000    3.40000    -0.83770   0.66800    34.28570
A-T        0.00000    0.00000    0.00000    0.00000    0.00000    0.00000    -0.00000   0.00000    3.40000    -0.31580   1.02380    34.28570
G-C        0.00000    0.00000    0.00000    0.00000    0.00000    0.00000    0.00000    0.00000    3.40000    0.31580    1.02380    34.28570
T-A        0.00000    0.00000    0.00000    0.00000    0.00000    0.00000    0.00000    0.00000    3.40000    0.83770    0.66800    34.28570
T-A        0.00000    0.00000    0.00000    0.00000    0.00000    0.00000    -0.00000   -0.00000   3.40000    1.06840    0.08010    34.28570
C-G        0.00000    0.00000    0.00000    0.00000    0.00000    0.00000    0.00000    -0.00000   3.40000    0.92790    -0.53570   34.28570
T-A        0.00000    0.00000    0.00000    0.00000    0.00000    0.00000    0.00000    -0.00000   3.40000    0.46490    -0.96530   34.28570
T-A        0.00000    0.00000    0.00000    0.00000    0.00000    0.00000    0.00000    -0.00000   3.40000    -0.15970   -1.05950   34.28570
C-G        0.00000    0.00000    0.00000    0.00000    0.00000    0.00000    0.00000    -0.00000   3.40000    -0.72880   -0.78540   34.28570
C-G        0.00000    0.00000    0.00000    0.00000    0.00000    0.00000    0.00000    -0.00000   3.40000    -1.04460   -0.23840   34.28570
C-G        0.00000    0.00000    0.00000    0.00000    0.00000    0.00000    -0.00000   0.00000    3.40000    -0.99740   0.39140    34.28570
G-C        0.00000    0.00000    0.00000    0.00000    0.00000    0.00000    0.00000    0.00000    3.40000    -0.60360   0.88530    34.28570
G-C        0.00000    0.00000    0.00000    0.00000    0.00000    0.00000    -0.00000   0.00000    3.40000    0.00000    1.07140    34.28570
A-T        0.00000    0.00000    0.00000    0.00000    0.00000    0.00000    0.00000    0.00000    3.40000    0.60360    0.88530    34.28570
A-T        0.00000    0.00000    0.00000    0.00000    0.00000    0.00000    0.00000    -0.00000   3.40000    0.99740    0.39140    34.28570
A-T        0.00000    0.00000    0.00000    0.00000    0.00000    0.00000    0.00000    0.00000    3.40000    1.04460    -0.23840   34.28570
A-T        0.00000    0.00000    0.00000    0.00000    0.00000    0.00000    0.00000    -0.00000   3.40000    0.72880    -0.78540   34.28570
C-G        0.00000    0.00000    0.00000    0.00000    0.00000    0.00000    -0.00000   -0.00000   3.40000    0.15970    -1.05950   34.28570
G-C        0.00000    0.00000    0.00000    0.00000    0.00000    0.00000    0.00000    0.00000    3.40000    -0.46490   -0.96530   34.28570
C-G        0.00000    0.00000    0.00000    0.00000    0.00000    0.00000    0.00000    -0.00000   3.40000    -0.92790   -0.53570   34.28570
G-C        0.00000    0.00000    0.00000    0.00000    0.00000    0.00000    -0.00000   0.00000    3.40000    -1.06840   0.08010    34.28570
G-C        0.00000    0.00000    0.00000    0.00000    0.00000    0.00000    -0.00000   0.00000    3.40000    -0.83770   0.66800    34.28570
T-A        0.00000    0.00000    0.00000    0.00000    0.00000    0.00000    -0.00000   -0.00000   3.40000    -0.31580   1.02380    34.28570
G-C        0.00000    0.00000    0.00000    0.00000    0.00000    0.00000    -0.00000   -0.00000   3.40000    0.31580    1.02380    34.28570
G-C        0.00000    0.00000    0.00000    0.00000    0.00000    0.00000    -0.00000   -0.00000   3.40000    0.83770    0.66800    34.28570
A-T        0.00000    0.00000    0.00000    0.00000    0.00000    0.00000    0.00000    -0.00000   3.40000    1.06840    0.08010    34.28570
A-T        0.00000    0.00000    0.00000    0.00000    0.00000    0.00000    0.00000    -0.00000   3.40000    0.92790    -0.53570   34.28570
T-A        0.00000    0.00000    0.00000    0.00000    0.00000    0.00000    0.00000    0.00000    3.40000    0.46490    -0.96530   34.28570
A-T        0.00000    0.00000    0.00000    0.00000    0.00000    0.00000    0.00000    -0.00000   3.40000    -0.15970   -1.05950   34.28570
T-A        0.00000    0.00000    0.00000    0.00000    0.00000    0.00000    0.00000    0.00000    3.40000    -0.72880   -0.78540   34.28570
T-A        0.00000    0.00000    0.00000    0.00000    0.00000    0.00000    0.00000    -0.00000   3.40000    -1.04460   -0.23840   34.28570
T-A        0.00000    0.00000    0.00000    0.00000    0.00000    0.00000    -0.00000   -0.00000   3.40000    -0.99740   0.39140    34.28570
C-G        0.00000    0.00000    0.00000    0.00000    0.00000    0.00000    0.00000    -0.00000   3.40000    -0.60360   0.88530    34.28570
G-C        0.00000    0.00000    0.00000    0.00000    0.00000    0.00000    -0.00000   0.00000    3.40000    0.00000    1.07140    34.28570
T-A        0.00000    0.00000    0.00000    0.00000    0.00000    0.00000    0.00000    0.00000    3.40000    0.60360    0.88530    34.28570
T-A        0.00000    0.00000    0.00000    0.00000    0.00000    0.00000    0.00000    0.00000    3.40000    0.99740    0.39140    34.28570
T-A        0.00000    0.00000    0.00000    0.00000    0.00000    0.00000    -0.00000   0.00000    3.40000    1.04460    -0.23840   34.28570
C-G        0.00000    0.00000    0.00000    0.00000    0.00000    0.00000    0.00000    0.00000    3.40000    0.72880    -0.78540   34.28570
C-G        0.00000    0.00000    0.00000    0.00000    0.00000    0.00000    0.00000    -0.00000   3.40000    0.15970    -1.05950   34.28570
T-A        0.00000    0.00000    0.00000    0.00000    0.00000    0.00000    0.00000    0.00000    3.40000    -0.46490   -0.96530   34.28570
A-T        0.00000    0.00000    0.00000    0.00000    0.00000    0.00000    -0.00000   -0.00000   3.40000    -0.92790   -0.53570   34.28570
C-G        0.00000    0.00000    0.00000    0.00000    0.00000    0.00000    0.00000    -0.00000   3.40000    -1.06840   0.08010    34.28570
T-A        0.00000    0.00000    0.00000    0.00000    0.00000    0.00000    0.00000    -0.00000   3.40000    -0.83770   0.66800    34.28570
A-T        0.00000    0.00000    0.00000    0.00000    0.00000    0.00000    -0.00000   -0.00000   3.40000    -0.31580   1.02380    34.28570
C-G        0.00000    0.00000    0.00000    0.00000    0.00000    0.00000    -0.00000   -0.00000   3.40000    0.31580    1.02380    34.28570
G-C        0.00000    0.00000    0.00000    0.00000    0.00000    0.00000    -0.00000   0.00000    3.40000    0.83770    0.66800    34.28570
A-T        0.00000    0.00000    0.00000    0.00000    0.00000    0.00000    -0.00000   0.00000    3.40000    1.06840    0.08010    34.28570
C-G        0.00000    0.00000    0.00000    0.00000    0.00000    0.00000    0.00000    0.00000    3.40000    0.92790    -0.53570   34.28570
T-A        0.00000    0.00000    0.00000    0.00000    0.00000    0.00000    0.00000    -0.00000   3.40000    0.46490    -0.96530   34.28570
A-T        0.00000    0.00000    0.00000    0.00000    0.00000    0.00000    0.00000    -0.00000   3.40000    -0.15970   -1.05950   34.28570
C-G        0.00000    0.00000    0.00000    0.00000    0.00000    0.00000    -0.00000   -0.00000   3.40000    -0.72880   -0.78540   34.28570
T-A        0.00000    0.00000    0.00000    0.00000    0.00000    0.00000    0.00000    -0.00000   3.40000    -1.04460   -0.23840   34.28570
A-T        0.00000    0.00000    0.00000    0.00000    0.00000    0.00000    0.00000    0.00000    3.40000    -0.99740   0.39140    34.28570
T-A        0.00000    0.00000    0.00000    0.00000    0.00000    0.00000    0.00000    0.00000    3.40000    -0.60360   0.88530    34.28570
C-G        0.00000    0.00000    0.00000    0.00000    0.00000    0.00000    0.00000    -0.00000   3.40000    -0.00000   1.07140    34.28570
A-T        0.00000    0.00000    0.00000    0.00000    0.00000    0.00000    -0.00000   -0.00000   3.40000    0.60360    0.88530    34.28570
G-C        0.00000    0.00000    0.00000    0.00000    0.00000    0.00000    -0.00000   -0.00000   3.40000    0.99740    0.39140    34.28570
C-G        0.00000    0.00000    0.00000    0.00000    0.00000    0.00000    -0.00000   0.00000    3.40000    1.04460    -0.23840   34.28570
C-G        0.00000    0.00000    0.00000    0.00000    0.00000    0.00000    0.00000    0.00000    3.40000    0.72880    -0.78540   34.28570
G-C        0.00000    0.00000    0.00000    0.00000    0.00000    0.00000    0.00000    0.00000    3.40000    0.15970    -1.05950   34.28570
G-C        0.00000    0.00000    0.00000    0.00000    0.00000    0.00000    -0.00000   0.00000    3.40000    -0.46490   -0.96530   34.28570
A-T        0.00000    0.00000    0.00000    0.00000    0.00000    0.00000    -0.00000   -0.00000   3.40000    -0.92790   -0.53570   34.28570
A-T        0.00000    0.00000    0.00000    0.00000    0.00000    0.00000    0.00000    -0.00000   3.40000    -1.06840   0.08010    34.28570
G-C        0.00000    0.00000    0.00000    0.00000    0.00000    0.00000    0.00000    -0.00000   3.40000    -0.83770   0.66800    34.28570
C-G        0.00000    0.00000    0.00000    0.00000    0.00000    0.00000    0.00000    -0.00000   3.40000    -0.31580   1.02380    34.28570
C-G        0.00000    0.00000    0.00000    0.00000    0.00000    0.00000    0.00000    -0.00000   3.40000    0.31580    1.02380    34.28570
T-A        0.00000    0.00000    0.00000    0.00000    0.00000    0.00000    -0.00000   -0.00000   3.40000    0.83770    0.66800    34.28570
A-T        0.00000    0.00000    0.00000    0.00000    0.00000    0.00000    0.00000    -0.00000   3.40000    1.06840    0.08010    34.28570
T-A        0.00000    0.00000    0.00000    0.00000    0.00000    0.00000    0.00000    -0.00000   3.40000    0.92790    -0.53570   34.28570
G-C        0.00000    0.00000    0.00000    0.00000    0.00000    0.00000    0.00000    -0.00000   3.40000    0.46490    -0.96530   34.28570
T-A        0.00000    0.00000    0.00000    0.00000    0.00000    0.00000    0.00000    -0.00000   3.40000    -0.15970   -1.05950   34.28570
A-T        0.00000    0.00000    0.00000    0.00000    0.00000    0.00000    -0.00000   0.00000    3.40000    -0.72880   -0.78540   34.28570
C-G        0.00000    0.00000    0.00000    0.00000    0.00000    0.00000    0.00000    -0.00000   3.40000    -1.04460   -0.23840   34.28570
C-G        0.00000    0.00000    0.00000    0.00000    0.00000    0.00000    -0.00000   -0.00000   3.40000    -0.99740   0.39140    34.28570
G-C        0.00000    0.00000    0.00000    0.00000    0.00000    0.00000    -0.00000   0.00000    3.40000    -0.60360   0.88530    34.28570
A-T        0.00000    0.00000    0.00000    0.00000    0.00000    0.00000    0.00000    -0.00000   3.40000    -0.00000   1.07140    34.28570
G-C        0.00000    0.00000    0.00000    0.00000    0.00000    0.00000    0.00000    -0.00000   3.40000    0.60360    0.88530    34.28570
T-A        0.00000    0.00000    0.00000    0.00000    0.00000    0.00000    0.00000    0.00000    3.40000    0.99740    0.39140    34.28570
T-A        0.00000    0.00000    0.00000    0.00000    0.00000    0.00000    -0.00000   -0.00000   3.40000    1.04460    -0.23840   34.28570
C-G        0.00000    0.00000    0.00000    0.00000    0.00000    0.00000    -0.00000   0.00000    3.40000    0.72880    -0.78540   34.28570
C-G        0.00000    0.00000    0.00000    0.00000    0.00000    0.00000    0.00000    0.00000    3.40000    0.15970    -1.05950   34.28570
G-C        0.00000    0.00000    0.00000    0.00000    0.00000    0.00000    0.00000    0.00000    3.40000    -0.46490   -0.96530   34.28570
A-T        0.00000    0.00000    0.00000    0.00000    0.00000    0.00000    0.00000    -0.00000   3.40000    -0.92790   -0.53570   34.28570
C-G        0.00000    0.00000    0.00000    0.00000    0.00000    0.00000    -0.00000   -0.00000   3.40000    -1.06840   0.08010    34.28570
A-T        0.00000    0.00000    0.00000    0.00000    0.00000    0.00000    -0.00000   -0.00000   3.40000    -0.83770   0.66800    34.28570
C-G        0.00000    0.00000    0.00000    0.00000    0.00000    0.00000    -0.00000   0.00000    3.40000    -0.31580   1.02380    34.28570
T-A        0.00000    0.00000    0.00000    0.00000    0.00000    0.00000    0.00000    -0.00000   3.40000    0.31580    1.02380    34.28570
T-A        0.00000    0.00000    0.00000    0.00000    0.00000    0.00000    -0.00000   0.00000    3.40000    0.83770    0.66800    34.28570
T-A        0.00000    0.00000    0.00000    0.00000    0.00000    0.00000    -0.00000   0.00000    3.40000    1.06840    0.08010    34.28570
C-G        0.00000    0.00000    0.00000    0.00000    0.00000    0.00000    0.00000    0.00000    3.40000    0.92790    -0.53570   34.28570
A-T        0.00000    0.00000    0.00000    0.00000    0.00000    0.00000    -0.00000   -0.00000   3.40000    0.46490    -0.96530   34.28570
T-A        0.00000    0.00000    0.00000    0.00000    0.00000    0.00000    0.00000    -0.00000   3.40000    -0.15970   -1.05950   34.28570
T-A        0.00000    0.00000    0.00000    0.00000    0.00000    0.00000    0.00000    0.00000    3.40000    -0.72880   -0.78540   34.28570
G-C        0.00000    0.00000    0.00000    0.00000    0.00000    0.00000    0.00000    0.00000    3.40000    -1.04460   -0.23840   34.28570
A-T        0.00000    0.00000    0.00000    0.00000    0.00000    0.00000    -0.00000   0.00000    3.40000    -0.99740   0.39140    34.28570
G-C        0.00000    0.00000    0.00000    0.00000    0.00000    0.00000    -0.00000   0.00000    3.40000    -0.60360   0.88530    34.28570
A-T        0.00000    0.00000    0.00000    0.00000    0.00000    0.00000    0.00000    0.00000    3.40000    -0.00000   1.07140    34.28570
A-T        0.00000    0.00000    0.00000    0.00000    0.00000    0.00000    0.00000    -0.00000   3.40000    0.60360    0.88530    34.28570
A-T        0.00000    0.00000    0.00000    0.00000    0.00000    0.00000    -0.00000   -0.00000   3.40000    0.99740    0.39140    34.28570
G-C        0.00000    0.00000    0.00000    0.00000    0.00000    0.00000    0.00000    0.00000    3.40000    1.04460    -0.23840   34.28570
A-T        0.00000    0.00000    0.00000    0.00000    0.00000    0.00000    0.00000    -0.00000   3.40000    0.72880    -0.78540   34.28570
T-A        0.00000    0.00000    0.00000    0.00000    0.00000    0.00000    -0.00000   0.00000    3.40000    0.15970    -1.05950   34.28570
G-C        0.00000    0.00000    0.00000    0.00000    0.00000    0.00000    0.00000    0.00000    3.40000    -0.46490   -0.96530   34.28570
C-G        0.00000    0.00000    0.00000    0.00000    0.00000    0.00000    0.00000    0.00000    3.40000    -0.92790   -0.53570   34.28570
C-G        0.00000    0.00000    0.00000    0.00000    0.00000    0.00000    -0.00000   -0.00000   3.40000    -1.06840   0.08010    34.28570
T-A        0.00000    0.00000    0.00000    0.00000    0.00000    0.00000    -0.00000   -0.00000   3.40000    -0.83770   0.66800    34.28570
C-G        0.00000    0.00000    0.00000    0.00000    0.00000    0.00000    0.00000    0.00000    3.40000    -0.31580   1.02380    34.28570
A-T        0.00000    0.00000    0.00000    0.00000    0.00000    0.00000    -0.00000   0.00000    3.40000    0.31580    1.02380    34.28570
G-C        0.00000    0.00000    0.00000    0.00000    0.00000    0.00000    0.00000    0.00000    3.40000    0.83770    0.66800    34.28570
C-G        0.00000    0.00000    0.00000    0.00000    0.00000    0.00000    -0.00000   -0.00000   3.40000    1.06840    0.08010    34.28570
T-A        0.00000    0.00000    0.00000    0.00000    0.00000    0.00000    -0.00000   0.00000    3.40000    0.92790    -0.53570   34.28570
C-G        0.00000    0.00000    0.00000    0.00000    0.00000    0.00000    -0.00000   -0.00000   3.40000    0.46490    -0.96530   34.28570
T-A        0.00000    0.00000    0.00000    0.00000    0.00000    0.00000    -0.00000   -0.00000   3.40000    -0.15970   -1.05950   34.28570
G-C        0.00000    0.00000    0.00000    0.00000    0.00000    0.00000    0.00000    -0.00000   3.40000    -0.72880   -0.78540   34.28570
T-A        0.00000    0.00000    0.00000    0.00000    0.00000    0.00000    -0.00000   -0.00000   3.40000    -1.04460   -0.23840   34.28570
T-A        0.00000    0.00000    0.00000    0.00000    0.00000    0.00000    -0.00000   0.00000    3.40000    -0.99740   0.39140    34.28570
A-T        0.00000    0.00000    0.00000    0.00000    0.00000    0.00000    0.00000    0.00000    3.40000    -0.60360   0.88530    34.28570
C-G        0.00000    0.00000    0.00000    0.00000    0.00000    0.00000    0.00000    0.00000    3.40000    -0.00000   1.07140    34.28570
A-T        0.00000    0.00000    0.00000    0.00000    0.00000    0.00000    -0.00000   -0.00000   3.40000    0.60360    0.88530    34.28570
G-C        0.00000    0.00000    0.00000    0.00000    0.00000    0.00000    0.00000    0.00000    3.40000    0.99740    0.39140    34.28570
G-C        0.00000    0.00000    0.00000    0.00000    0.00000    0.00000    0.00000    -0.00000   3.40000    1.04460    -0.23840   34.28570
T-A        0.00000    0.00000    0.00000    0.00000    0.00000    0.00000    0.00000    -0.00000   3.40000    0.72880    -0.78540   34.28570
C-G        0.00000    0.00000    0.00000    0.00000    0.00000    0.00000    -0.00000   -0.00000   3.40000    0.15970    -1.05950   34.28570
A-T        0.00000    0.00000    0.00000    0.00000    0.00000    0.00000    0.00000    0.00000    3.40000    -0.46490   -0.96530   34.28570
C-G        0.00000    0.00000    0.00000    0.00000    0.00000    0.00000    0.00000    -0.00000   3.40000    -0.92790   -0.53570   34.28570
T-A        0.00000    0.00000    0.00000    0.00000    0.00000    0.00000    -0.00000   0.00000    3.40000    -1.06840   0.08010    34.28570
A-T        0.00000    0.00000    0.00000    0.00000    0.00000    0.00000    -0.00000   0.00000    3.40000    -0.83770   0.66800    34.28570
A-T        0.00000    0.00000    0.00000    0.00000    0.00000    0.00000    -0.00000   -0.00000   3.40000    -0.31580   1.02380    34.28570
T-A        0.00000    0.00000    0.00000    0.00000    0.00000    0.00000    -0.00000   0.00000    3.40000    0.31580    1.02380    34.28570
A-T        0.00000    0.00000    0.00000    0.00000    0.00000    0.00000    -0.00000   0.00000    3.40000    0.83770    0.66800    34.28570
C-G        0.00000    0.00000    0.00000    0.00000    0.00000    0.00000    -0.00000   0.00000    3.40000    1.06840    0.08010    34.28570
C-G        0.00000    0.00000    0.00000    0.00000    0.00000    0.00000    -0.00000   0.00000    3.40000    0.92790    -0.53570   34.28570
A-T        0.00000    0.00000    0.00000    0.00000    0.00000    0.00000    0.00000    0.00000    3.40000    0.46490    -0.96530   34.28570
T-A        0.00000    0.00000    0.00000    0.00000    0.00000    0.00000    0.00000    -0.00000   3.40000    -0.15970   -1.05950   34.28570
C-G        0.00000    0.00000    0.00000    0.00000    0.00000    0.00000    -0.00000   -0.00000   3.40000    -0.72880   -0.78540   34.28570
T-A        0.00000    0.00000    0.00000    0.00000    0.00000    0.00000    0.00000    -0.00000   3.40000    -1.04460   -0.23840   34.28570
A-T        0.00000    0.00000    0.00000    0.00000    0.00000    0.00000    -0.00000   0.00000    3.40000    -0.99740   0.39140    34.28570
A-T        0.00000    0.00000    0.00000    0.00000    0.00000    0.00000    -0.00000   0.00000    3.40000    -0.60360   0.88530    34.28570
G-C        0.00000    0.00000    0.00000    0.00000    0.00000    0.00000    -0.00000   0.00000    3.40000    -0.00000   1.07140    34.28570
T-A        0.00000    0.00000    0.00000    0.00000    0.00000    0.00000    -0.00000   0.00000    3.40000    0.60360    0.88530    34.28570
A-T        0.00000    0.00000    0.00000    0.00000    0.00000    0.00000    0.00000    0.00000    3.40000    0.99740    0.39140    34.28570
G-C        0.00000    0.00000    0.00000    0.00000    0.00000    0.00000    -0.00000   -0.00000   3.40000    1.04460    -0.23840   34.28570
T-A        0.00000    0.00000    0.00000    0.00000    0.00000    0.00000    -0.00000   -0.00000   3.40000    0.72880    -0.78540   34.28570
T-A        0.00000    0.00000    0.00000    0.00000    0.00000    0.00000    -0.00000   -0.00000   3.40000    0.15970    -1.05950   34.28570
G-C        0.00000    0.00000    0.00000    0.00000    0.00000    0.00000    -0.00000   -0.00000   3.40000    -0.46490   -0.96530   34.28570
A-T        0.00000    0.00000    0.00000    0.00000    0.00000    0.00000    -0.00000   -0.00000   3.40000    -0.92790   -0.53570   34.28570
T-A        0.00000    0.00000    0.00000    0.00000    0.00000    0.00000    0.00000    -0.00000   3.40000    -1.06840   0.08010    34.28570
T-A        0.00000    0.00000    0.00000    0.00000    0.00000    0.00000    -0.00000   -0.00000   3.40000    -0.83770   0.66800    34.28570
C-G        0.00000    0.00000    0.00000    0.00000    0.00000    0.00000    -0.00000   0.00000    3.40000    -0.31580   1.02380    34.28570
A-T        0.00000    0.00000    0.00000    0.00000    0.00000    0.00000    -0.00000   0.00000    3.40000    0.31580    1.02380    34.28570
T-A        0.00000    0.00000    0.00000    0.00000    0.00000    0.00000    -0.00000   -0.00000   3.40000    0.83770    0.66800    34.28570
A-T        0.00000    0.00000    0.00000    0.00000    0.00000    0.00000    -0.00000   0.00000    3.40000    1.06840    0.08010    34.28570
G-C        0.00000    0.00000    0.00000    0.00000    0.00000    0.00000    -0.00000   -0.00000   3.40000    0.92790    -0.53570   34.28570
T-A        0.00000    0.00000    0.00000    0.00000    0.00000    0.00000    -0.00000   0.00000    3.40000    0.46490    -0.96530   34.28570
G-C        0.00000    0.00000    0.00000    0.00000    0.00000    0.00000    0.00000    0.00000    3.40000    -0.15970   -1.05950   34.28570
A-T        0.00000    0.00000    0.00000    0.00000    0.00000    0.00000    -0.00000   -0.00000   3.40000    -0.72880   -0.78540   34.28570
C-G        0.00000    0.00000    0.00000    0.00000    0.00000    0.00000    -0.00000   -0.00000   3.40000    -1.04460   -0.23840   34.28570
T-A        0.00000    0.00000    0.00000    0.00000    0.00000    0.00000    -0.00000   0.00000    3.40000    -0.99740   0.39140    34.28570
G-C        0.00000    0.00000    0.00000    0.00000    0.00000    0.00000    -0.00000   -0.00000   3.40000    -0.60360   0.88530    34.28570
C-G        0.00000    0.00000    0.00000    0.00000    0.00000    0.00000    -0.00000   0.00000    3.40000    0.00000    1.07140    34.28570
A-T        0.00000    0.00000    0.00000    0.00000    0.00000    0.00000    0.00000    0.00000    3.40000    0.60360    0.88530    34.28570
T-A        0.00000    0.00000    0.00000    0.00000    0.00000    0.00000    -0.00000   0.00000    3.40000    0.99740    0.39140    34.28570
A-T        0.00000    0.00000    0.00000    0.00000    0.00000    0.00000    -0.00000   -0.00000   3.40000    1.04460    -0.23840   34.28570
T-A        0.00000    0.00000    0.00000    0.00000    0.00000    0.00000    0.00000    0.00000    3.40000    0.72880    -0.78540   34.28570
G-C        0.00000    0.00000    0.00000    0.00000    0.00000    0.00000    0.00000    0.00000    3.40000    0.15970    -1.05950   34.28570
T-A        0.00000    0.00000    0.00000    0.00000    0.00000    0.00000    0.00000    -0.00000   3.40000    -0.46490   -0.96530   34.28570
T-A        0.00000    0.00000    0.00000    0.00000    0.00000    0.00000    -0.00000   -0.00000   3.40000    -0.92790   -0.53570   34.28570
G-C        0.00000    0.00000    0.00000    0.00000    0.00000    0.00000    0.00000    0.00000    3.40000    -1.06840   0.08010    34.28570
T-A        0.00000    0.00000    0.00000    0.00000    0.00000    0.00000    0.00000    0.00000    3.40000    -0.83770   0.66800    34.28570
G-C        0.00000    0.00000    0.00000    0.00000    0.00000    0.00000    -0.00000   0.00000    3.40000    -0.31580   1.02380    34.28570
T-A        0.00000    0.00000    0.00000    0.00000    0.00000    0.00000    -0.00000   0.00000    3.40000    0.31580    1.02380    34.28570
T-A        0.00000    0.00000    0.00000    0.00000    0.00000    0.00000    -0.00000   -0.00000   3.40000    0.83770    0.66800    34.28570
T-A        0.00000    0.00000    0.00000    0.00000    0.00000    0.00000    -0.00000   -0.00000   3.40000    1.06840    0.08010    34.28570
T-A        0.00000    0.00000    0.00000    0.00000    0.00000    0.00000    -0.00000   -0.00000   3.40000    0.92790    -0.53570   34.28570
A-T        0.00000    0.00000    0.00000    0.00000    0.00000    0.00000    -0.00000   -0.00000   3.40000    0.46490    -0.96530   34.28570
C-G        0.00000    0.00000    0.00000    0.00000    0.00000    0.00000    0.00000    -0.00000   3.40000    -0.15970   -1.05950   34.28570
A-T        0.00000    0.00000    0.00000    0.00000    0.00000    0.00000    -0.00000   -0.00000   3.40000    -0.72880   -0.78540   34.28570
G-C        0.00000    0.00000    0.00000    0.00000    0.00000    0.00000    0.00000    -0.00000   3.40000    -1.04460   -0.23840   34.28570
T-A        0.00000    0.00000    0.00000    0.00000    0.00000    0.00000    -0.00000   -0.00000   3.40000    -0.99740   0.39140    34.28570
A-T        0.00000    0.00000    0.00000    0.00000    0.00000    0.00000    -0.00000   0.00000    3.40000    -0.60360   0.88530    34.28570
T-A        0.00000    0.00000    0.00000    0.00000    0.00000    0.00000    -0.00000   0.00000    3.40000    -0.00000   1.07140    34.28570
T-A        0.00000    0.00000    0.00000    0.00000    0.00000    0.00000    0.00000    0.00000    3.40000    0.60360    0.88530    34.28570
A-T        0.00000    0.00000    0.00000    0.00000    0.00000    0.00000    0.00000    -0.00000   3.40000    0.99740    0.39140    34.28570
T-A        0.00000    0.00000    0.00000    0.00000    0.00000    0.00000    -0.00000   -0.00000   3.40000    1.04460    -0.23840   34.28570
G-C        0.00000    0.00000    0.00000    0.00000    0.00000    0.00000    -0.00000   -0.00000   3.40000    0.72880    -0.78540   34.28570
T-A        0.00000    0.00000    0.00000    0.00000    0.00000    0.00000    -0.00000   0.00000    3.40000    0.15970    -1.05950   34.28570
A-T        0.00000    0.00000    0.00000    0.00000    0.00000    0.00000    0.00000    0.00000    3.40000    -0.46490   -0.96530   34.28570
G-C        0.00000    0.00000    0.00000    0.00000    0.00000    0.00000    0.00000    -0.00000   3.40000    -0.92790   -0.53570   34.28570
T-A        0.00000    0.00000    0.00000    0.00000    0.00000    0.00000    -0.00000   -0.00000   3.40000    -1.06840   0.08010    34.28570
C-G        0.00000    0.00000    0.00000    0.00000    0.00000    0.00000    -0.00000   -0.00000   3.40000    -0.83770   0.66800    34.28570
T-A        0.00000    0.00000    0.00000    0.00000    0.00000    0.00000    0.00000    -0.00000   3.40000    -0.31580   1.02380    34.28570
G-C        0.00000    0.00000    0.00000    0.00000    0.00000    0.00000    0.00000    -0.00000   3.40000    0.31580    1.02380    34.28570
T-A        0.00000    0.00000    0.00000    0.00000    0.00000    0.00000    0.00000    -0.00000   3.40000    0.83770    0.66800    34.28570
T-A        0.00000    0.00000    0.00000    0.00000    0.00000    0.00000    0.00000    0.00000    3.40000    1.06840    0.08010    34.28570
T-A        0.00000    0.00000    0.00000    0.00000    0.00000    0.00000    0.00000    -0.00000   3.40000    0.92790    -0.53570   34.28570
T-A        0.00000    0.00000    0.00000    0.00000    0.00000    0.00000    -0.00000   -0.00000   3.40000    0.46490    -0.96530   34.28570
T-A        0.00000    0.00000    0.00000    0.00000    0.00000    0.00000    -0.00000   0.00000    3.40000    -0.15970   -1.05950   34.28570
T-A        0.00000    0.00000    0.00000    0.00000    0.00000    0.00000    -0.00000   0.00000    3.40000    -0.72880   -0.78540   34.28570
A-T        0.00000    0.00000    0.00000    0.00000    0.00000    0.00000    0.00000    -0.00000   3.40000    -1.04460   -0.23840   34.28570
T-A        0.00000    0.00000    0.00000    0.00000    0.00000    0.00000    0.00000    0.00000    3.40000    -0.99740   0.39140    34.28570
G-C        0.00000    0.00000    0.00000    0.00000    0.00000    0.00000    0.00000    0.00000    3.40000    -0.60360   0.88530    34.28570
C-G        0.00000    0.00000    0.00000    0.00000    0.00000    0.00000    -0.00000   -0.00000   3.40000    -0.00000   1.07140    34.28570
A-T        0.00000    0.00000    0.00000    0.00000    0.00000    0.00000    0.00000    0.00000    3.40000    0.60360    0.88530    34.28570
A-T        0.00000    0.00000    0.00000    0.00000    0.00000    0.00000    -0.00000   0.00000    3.40000    0.99740    0.39140    34.28570
A-T        0.00000    0.00000    0.00000    0.00000    0.00000    0.00000    0.00000    0.00000    3.40000    1.04460    -0.23840   34.28570
A-T        0.00000    0.00000    0.00000    0.00000    0.00000    0.00000    0.00000    0.00000    3.40000    0.72880    -0.78540   34.28570
T-A        0.00000    0.00000    0.00000    0.00000    0.00000    0.00000    -0.00000   -0.00000   3.40000    0.15970    -1.05950   34.28570
C-G        0.00000    0.00000    0.00000    0.00000    0.00000    0.00000    -0.00000   -0.00000   3.40000    -0.46490   -0.96530   34.28570
T-A        0.00000    0.00000    0.00000    0.00000    0.00000    0.00000    -0.00000   -0.00000   3.40000    -0.92790   -0.53570   34.28570
A-T        0.00000    0.00000    0.00000    0.00000    0.00000    0.00000    -0.00000   0.00000    3.40000    -1.06840   0.08010    34.28570
A-T        0.00000    0.00000    0.00000    0.00000    0.00000    0.00000    -0.00000   -0.00000   3.40000    -0.83770   0.66800    34.28570
T-A        0.00000    0.00000    0.00000    0.00000    0.00000    0.00000    0.00000    -0.00000   3.40000    -0.31580   1.02380    34.28570
T-A        0.00000    0.00000    0.00000    0.00000    0.00000    0.00000    0.00000    -0.00000   3.40000    0.31580    1.02380    34.28570
T-A        0.00000    0.00000    0.00000    0.00000    0.00000    0.00000    -0.00000   -0.00000   3.40000    0.83770    0.66800    34.28570
A-T        0.00000    0.00000    0.00000    0.00000    0.00000    0.00000    -0.00000   -0.00000   3.40000    1.06840    0.08010    34.28570
A-T        0.00000    0.00000    0.00000    0.00000    0.00000    0.00000    0.00000    -0.00000   3.40000    0.92790    -0.53570   34.28570
T-A        0.00000    0.00000    0.00000    0.00000    0.00000    0.00000    -0.00000   -0.00000   3.40000    0.46490    -0.96530   34.28570
A-T        0.00000    0.00000    0.00000    0.00000    0.00000    0.00000    -0.00000   -0.00000   3.40000    -0.15970   -1.05950   34.28570
T-A        0.00000    0.00000    0.00000    0.00000    0.00000    0.00000    0.00000    0.00000    3.40000    -0.72880   -0.78540   34.28570
A-T        0.00000    0.00000    0.00000    0.00000    0.00000    0.00000    -0.00000   0.00000    3.40000    -1.04460   -0.23840   34.28570
T-A        0.00000    0.00000    0.00000    0.00000    0.00000    0.00000    -0.00000   -0.00000   3.40000    -0.99740   0.39140    34.28570
T-A        0.00000    0.00000    0.00000    0.00000    0.00000    0.00000    -0.00000   0.00000    3.40000    -0.60360   0.88530    34.28570
G-C        0.00000    0.00000    0.00000    0.00000    0.00000    0.00000    -0.00000   0.00000    3.40000    -0.00000   1.07140    34.28570
A-T        0.00000    0.00000    0.00000    0.00000    0.00000    0.00000    -0.00000   0.00000    3.40000    0.60360    0.88530    34.28570
T-A        0.00000    0.00000    0.00000    0.00000    0.00000    0.00000    -0.00000   -0.00000   3.40000    0.99740    0.39140    34.28570
A-T        0.00000    0.00000    0.00000    0.00000    0.00000    0.00000    0.00000    -0.00000   3.40000    1.04460    -0.23840   34.28570
T-A        0.00000    0.00000    0.00000    0.00000    0.00000    0.00000    -0.00000   0.00000    3.40000    0.72880    -0.78540   34.28570
T-A        0.00000    0.00000    0.00000    0.00000    0.00000    0.00000    -0.00000   -0.00000   3.40000    0.15970    -1.05950   34.28570
T-A        0.00000    0.00000    0.00000    0.00000    0.00000    0.00000    -0.00000   0.00000    3.40000    -0.46490   -0.96530   34.28570
A-T        0.00000    0.00000    0.00000    0.00000    0.00000    0.00000    -0.00000   0.00000    3.40000    -0.92790   -0.53570   34.28570
T-A        0.00000    0.00000    0.00000    0.00000    0.00000    0.00000    -0.00000   -0.00000   3.40000    -1.06840   0.08010    34.28570
A-T        0.00000    0.00000    0.00000    0.00000    0.00000    0.00000    0.00000    -0.00000   3.40000    -0.83770   0.66800    34.28570
T-A        0.00000    0.00000    0.00000    0.00000    0.00000    0.00000    0.00000    -0.00000   3.40000    -0.31580   1.02380    34.28570
C-G        0.00000    0.00000    0.00000    0.00000    0.00000    0.00000    0.00000    0.00000    3.40000    0.31580    1.02380    34.28570
A-T        0.00000    0.00000    0.00000    0.00000    0.00000    0.00000    0.00000    -0.00000   3.40000    0.83770    0.66800    34.28570
T-A        0.00000    0.00000    0.00000    0.00000    0.00000    0.00000    0.00000    0.00000    3.40000    1.06840    0.08010    34.28570
T-A        0.00000    0.00000    0.00000    0.00000    0.00000    0.00000    -0.00000   0.00000    3.40000    0.92790    -0.53570   34.28570
T-A        0.00000    0.00000    0.00000    0.00000    0.00000    0.00000    0.00000    0.00000    3.40000    0.46490    -0.96530   34.28570
T-A        0.00000    0.00000    0.00000    0.00000    0.00000    0.00000    -0.00000   0.00000    3.40000    -0.15970   -1.05950   34.28570
A-T        0.00000    0.00000    0.00000    0.00000    0.00000    0.00000    -0.00000   0.00000    3.40000    -0.72880   -0.78540   34.28570
C-G        0.00000    0.00000    0.00000    0.00000    0.00000    0.00000    0.00000    -0.00000   3.40000    -1.04460   -0.23840   34.28570
G-C        0.00000    0.00000    0.00000    0.00000    0.00000    0.00000    0.00000    -0.00000   3.40000    -0.99740   0.39140    34.28570
T-A        0.00000    0.00000    0.00000    0.00000    0.00000    0.00000    -0.00000   0.00000    3.40000    -0.60360   0.88530    34.28570
T-A        0.00000    0.00000    0.00000    0.00000    0.00000    0.00000    0.00000    -0.00000   3.40000    -0.00000   1.07140    34.28570
T-A        0.00000    0.00000    0.00000    0.00000    0.00000    0.00000    0.00000    -0.00000   3.40000    0.60360    0.88530    34.28570
C-G        0.00000    0.00000    0.00000    0.00000    0.00000    0.00000    -0.00000   -0.00000   3.40000    0.99740    0.39140    34.28570
T-A        0.00000    0.00000    0.00000    0.00000    0.00000    0.00000    -0.00000   0.00000    3.40000    1.04460    -0.23840   34.28570
C-G        0.00000    0.00000    0.00000    0.00000    0.00000    0.00000    0.00000    0.00000    3.40000    0.72880    -0.78540   34.28570
G-C        0.00000    0.00000    0.00000    0.00000    0.00000    0.00000    0.00000    0.00000    3.40000    0.15970    -1.05950   34.28570
T-A        0.00000    0.00000    0.00000    0.00000    0.00000    0.00000    -0.00000   -0.00000   3.40000    -0.46490   -0.96530   34.28570
T-A        0.00000    0.00000    0.00000    0.00000    0.00000    0.00000    0.00000    -0.00000   3.40000    -0.92790   -0.53570   34.28570
C-G        0.00000    0.00000    0.00000    0.00000    0.00000    0.00000    0.00000    0.00000    3.40000    -1.06840   0.08010    34.28570
A-T        0.00000    0.00000    0.00000    0.00000    0.00000    0.00000    -0.00000   0.00000    3.40000    -0.83770   0.66800    34.28570
G-C        0.00000    0.00000    0.00000    0.00000    0.00000    0.00000    -0.00000   -0.00000   3.40000    -0.31580   1.02380    34.28570
C-G        0.00000    0.00000    0.00000    0.00000    0.00000    0.00000    -0.00000   -0.00000   3.40000    0.31580    1.02380    34.28570
T-A        0.00000    0.00000    0.00000    0.00000    0.00000    0.00000    -0.00000   0.00000    3.40000    0.83770    0.66800    34.28570
T-A        0.00000    0.00000    0.00000    0.00000    0.00000    0.00000    0.00000    0.00000    3.40000    1.06840    0.08010    34.28570
T-A        0.00000    0.00000    0.00000    0.00000    0.00000    0.00000    0.00000    0.00000    3.40000    0.92790    -0.53570   34.28570
T-A        0.00000    0.00000    0.00000    0.00000    0.00000    0.00000    0.00000    0.00000    3.40000    0.46490    -0.96530   34.28570
T-A        0.00000    0.00000    0.00000    0.00000    0.00000    0.00000    0.00000    0.00000    3.40000    -0.15970   -1.05950   34.28570
T-A        0.00000    0.00000    0.00000    0.00000    0.00000    0.00000    0.00000    -0.00000   3.40000    -0.72880   -0.78540   34.28570
A-T        0.00000    0.00000    0.00000    0.00000    0.00000    0.00000    -0.00000   0.00000    3.40000    -1.04460   -0.23840   34.28570
T-A        0.00000    0.00000    0.00000    0.00000    0.00000    0.00000    -0.00000   0.00000    3.40000    -0.99740   0.39140    34.28570
A-T        0.00000    0.00000    0.00000    0.00000    0.00000    0.00000    0.00000    0.00000    3.40000    -0.60360   0.88530    34.28570
C-G        0.00000    0.00000    0.00000    0.00000    0.00000    0.00000    0.00000    0.00000    3.40000    -0.00000   1.07140    34.28570
T-A        0.00000    0.00000    0.00000    0.00000    0.00000    0.00000    0.00000    -0.00000   3.40000    0.60360    0.88530    34.28570
A-T        0.00000    0.00000    0.00000    0.00000    0.00000    0.00000    0.00000    -0.00000   3.40000    0.99740    0.39140    34.28570
A-T        0.00000    0.00000    0.00000    0.00000    0.00000    0.00000    -0.00000   -0.00000   3.40000    1.04460    -0.23840   34.28570
C-G        0.00000    0.00000    0.00000    0.00000    0.00000    0.00000    0.00000    0.00000    3.40000    0.72880    -0.78540   34.28570
T-A        0.00000    0.00000    0.00000    0.00000    0.00000    0.00000    -0.00000   0.00000    3.40000    0.15970    -1.05950   34.28570
T-A        0.00000    0.00000    0.00000    0.00000    0.00000    0.00000    0.00000    -0.00000   3.40000    -0.46490   -0.96530   34.28570
G-C        0.00000    0.00000    0.00000    0.00000    0.00000    0.00000    -0.00000   0.00000    3.40000    -0.92790   -0.53570   34.28570
A-T        0.00000    0.00000    0.00000    0.00000    0.00000    0.00000    -0.00000   -0.00000   3.40000    -1.06840   0.08010    34.28570
G-C        0.00000    0.00000    0.00000    0.00000    0.00000    0.00000    -0.00000   0.00000    3.40000    -0.83770   0.66800    34.28570
C-G        0.00000    0.00000    0.00000    0.00000    0.00000    0.00000    -0.00000   0.00000    3.40000    -0.31580   1.02380    34.28570
G-C        0.00000    0.00000    0.00000    0.00000    0.00000    0.00000    -0.00000   0.00000    3.40000    0.31580    1.02380    34.28570
A-T        0.00000    0.00000    0.00000    0.00000    0.00000    0.00000    -0.00000   0.00000    3.40000    0.83770    0.66800    34.28570
A-T        0.00000    0.00000    0.00000    0.00000    0.00000    0.00000    -0.00000   0.00000    3.40000    1.06840    0.08010    34.28570
A-T        0.00000    0.00000    0.00000    0.00000    0.00000    0.00000    0.00000    -0.00000   3.40000    0.92790    -0.53570   34.28570
C-G        0.00000    0.00000    0.00000    0.00000    0.00000    0.00000    0.00000    0.00000    3.40000    0.46490    -0.96530   34.28570
G-C        0.00000    0.00000    0.00000    0.00000    0.00000    0.00000    -0.00000   -0.00000   3.40000    -0.15970   -1.05950   34.28570
G-C        0.00000    0.00000    0.00000    0.00000    0.00000    0.00000    0.00000    -0.00000   3.40000    -0.72880   -0.78540   34.28570
G-C        0.00000    0.00000    0.00000    0.00000    0.00000    0.00000    0.00000    -0.00000   3.40000    -1.04460   -0.23840   34.28570
A-T        0.00000    0.00000    0.00000    0.00000    0.00000    0.00000    0.00000    -0.00000   3.40000    -0.99740   0.39140    34.28570
A-T        0.00000    0.00000    0.00000    0.00000    0.00000    0.00000    -0.00000   0.00000    3.40000    -0.60360   0.88530    34.28570
G-C        0.00000    0.00000    0.00000    0.00000    0.00000    0.00000    -0.00000   -0.00000   3.40000    -0.00000   1.07140    34.28570
G-C        0.00000    0.00000    0.00000    0.00000    0.00000    0.00000    0.00000    -0.00000   3.40000    0.60360    0.88530    34.28570
G-C        0.00000    0.00000    0.00000    0.00000    0.00000    0.00000    0.00000    0.00000    3.40000    0.99740    0.39140    34.28570
T-A        0.00000    0.00000    0.00000    0.00000    0.00000    0.00000    0.00000    -0.00000   3.40000    1.04460    -0.23840   34.28570
T-A        0.00000    0.00000    0.00000    0.00000    0.00000    0.00000    0.00000    -0.00000   3.40000    0.72880    -0.78540   34.28570
T-A        0.00000    0.00000    0.00000    0.00000    0.00000    0.00000    0.00000    -0.00000   3.40000    0.15970    -1.05950   34.28570
T-A        0.00000    0.00000    0.00000    0.00000    0.00000    0.00000    -0.00000   -0.00000   3.40000    -0.46490   -0.96530   34.28570
C-G        0.00000    0.00000    0.00000    0.00000    0.00000    0.00000    0.00000    -0.00000   3.40000    -0.92790   -0.53570   34.28570
A-T        0.00000    0.00000    0.00000    0.00000    0.00000    0.00000    -0.00000   -0.00000   3.40000    -1.06840   0.08010    34.28570
C-G        0.00000    0.00000    0.00000    0.00000    0.00000    0.00000    -0.00000   0.00000    3.40000    -0.83770   0.66800    34.28570
C-G        0.00000    0.00000    0.00000    0.00000    0.00000    0.00000    0.00000    -0.00000   3.40000    -0.31580   1.02380    34.28570
G-C        0.00000    0.00000    0.00000    0.00000    0.00000    0.00000    0.00000    -0.00000   3.40000    0.31580    1.02380    34.28570
A-T        0.00000    0.00000    0.00000    0.00000    0.00000    0.00000    -0.00000   -0.00000   3.40000    0.83770    0.66800    34.28570
T-A        0.00000    0.00000    0.00000    0.00000    0.00000    0.00000    -0.00000   -0.00000   3.40000    1.06840    0.08010    34.28570
A-T        0.00000    0.00000    0.00000    0.00000    0.00000    0.00000    0.00000    -0.00000   3.40000    0.92790    -0.53570   34.28570
T-A        0.00000    0.00000    0.00000    0.00000    0.00000    0.00000    0.00000    0.00000    3.40000    0.46490    -0.96530   34.28570
C-G        0.00000    0.00000    0.00000    0.00000    0.00000    0.00000    -0.00000   -0.00000   3.40000    -0.15970   -1.05950   34.28570
A-T        0.00000    0.00000    0.00000    0.00000    0.00000    0.00000    -0.00000   -0.00000   3.40000    -0.72880   -0.78540   34.28570
C-G        0.00000    0.00000    0.00000    0.00000    0.00000    0.00000    -0.00000   -0.00000   3.40000    -1.04460   -0.23840   34.28570
C-G        0.00000    0.00000    0.00000    0.00000    0.00000    0.00000    -0.00000   -0.00000   3.40000    -0.99740   0.39140    34.28570
G-C        0.00000    0.00000    0.00000    0.00000    0.00000    0.00000    -0.00000   -0.00000   3.40000    -0.60360   0.88530    34.28570
A-T        0.00000    0.00000    0.00000    0.00000    0.00000    0.00000    0.00000    0.01523    3.39038    -0.00000   1.06837    34.28570
