337 # base pairs
  0 # ***local base-pair & step parameters***
#          Shear      Stretch    Stagger    Buckle     Prop-Tw    Opening    Shift      Slide      Rise       Tilt       Roll       Twist
A-T        0.00000    0.00000    0.00000    0.00000    0.00000    0.00000    0.00000    0.00000    0.00000    0.00000    0.00000    0.00000
A-T        0.00000    0.00000    0.00000    0.00000    0.00000    0.00000    -0.03000   -0.08000   3.27000    -1.39997   0.69986    35.10008
A-T        0.00000    0.00000    0.00000    0.00000    0.00000    0.00000    -0.03000   -0.08000   3.27000    -1.40002   0.69986    35.10009
C-G        0.00000    0.00000    0.00000    0.00000    0.00000    0.00000    0.13000    -0.58000   3.36000    -0.10005   0.69995    31.50005
G-C        0.00000    0.00000    0.00000    0.00000    0.00000    0.00000    -0.00001   0.41000    3.39000    -0.00012   5.40003    36.09999
C-G        0.00000    0.00000    0.00000    0.00000    0.00000    0.00000    -0.00001   -0.38000   3.40000    -0.00008   0.30008    33.59999
G-C        0.00000    0.00000    0.00000    0.00000    0.00000    0.00000    -0.00000   0.41000    3.39000    -0.00003   5.40009    36.10000
C-G        0.00000    0.00000    0.00000    0.00000    0.00000    0.00000    0.00000    -0.38001   3.40000    0.00003    0.30012    33.59998
G-C        0.00000    0.00000    0.00000    0.00000    0.00000    0.00000    0.00001    0.41000    3.39000    0.00010    5.40009    36.09997
A-T        0.00000    0.00000    0.00000    0.00000    0.00000    0.00000    -0.28000   0.09000    3.37000    -1.49990   1.89998    36.30003
G-C        0.00000    0.00000    0.00000    0.00000    0.00000    0.00000    0.09001    -0.25000   3.34000    -1.69993   4.49995    31.90000
G-C        0.00000    0.00000    0.00000    0.00000    0.00000    0.00000    0.05001    -0.22000   3.42000    -0.09994   3.59988    32.90005
C-G        0.00000    0.00000    0.00000    0.00000    0.00000    0.00000    -0.00000   -0.37999   3.40000    -0.00002   0.29987    33.60006
A-T        0.00000    0.00000    0.00000    0.00000    0.00000    0.00000    0.09000    0.53001    3.33000    0.49993    4.69988    37.30006
G-C        0.00000    0.00000    0.00000    0.00000    0.00000    0.00000    0.08999    -0.25000   3.34000    -1.70007   4.50000    31.90003
C-G        0.00000    0.00000    0.00000    0.00000    0.00000    0.00000    -0.00001   -0.38000   3.40000    -0.00009   0.30006    33.59999
T-A        0.00000    0.00000    0.00000    0.00000    0.00000    0.00000    0.28000    0.09000    3.37000    1.49997    1.90006    36.29999
G-C        0.00000    0.00000    0.00000    0.00000    0.00000    0.00000    -0.13000   -0.58001   3.36000    0.10001    0.70013    31.49995
T-A        0.00000    0.00000    0.00000    0.00000    0.00000    0.00000    -0.09000   0.53000    3.33000    -0.49997   4.70010    37.29997
A-T        0.00000    0.00000    0.00000    0.00000    0.00000    0.00000    0.00000    0.05000    3.42000    0.00005    3.30003    37.80003
T-A        0.00000    0.00000    0.00000    0.00000    0.00000    0.00000    0.00000    -0.59000   3.31000    0.00003    1.09991    29.30006
G-C        0.00000    0.00000    0.00000    0.00000    0.00000    0.00000    -0.13000   -0.57999   3.36000    0.10004    0.69988    31.50012
G-C        0.00000    0.00000    0.00000    0.00000    0.00000    0.00000    0.05001    -0.22000   3.42000    -0.09996   3.59987    32.90004
C-G        0.00000    0.00000    0.00000    0.00000    0.00000    0.00000    -0.00000   -0.37999   3.40000    -0.00003   0.29986    33.60006
A-T        0.00000    0.00000    0.00000    0.00000    0.00000    0.00000    0.09000    0.53001    3.33000    0.49992    4.69989    37.30003
T-A        0.00000    0.00000    0.00000    0.00000    0.00000    0.00000    -0.00000   -0.59000   3.31000    -0.00006   1.09999    29.30001
G-C        0.00000    0.00000    0.00000    0.00000    0.00000    0.00000    -0.13000   -0.58001   3.36000    0.09993    0.70008    31.50001
A-T        0.00000    0.00000    0.00000    0.00000    0.00000    0.00000    -0.28000   0.09000    3.36999    -1.50004   1.90021    36.29994
A-T        0.00000    0.00000    0.00000    0.00000    0.00000    0.00000    -0.03000   -0.08000   3.27000    -1.39998   0.70018    35.09995
A-T        0.00000    0.00000    0.00000    0.00000    0.00000    0.00000    -0.03000   -0.08000   3.27000    -1.39994   0.70011    35.09997
G-C        0.00000    0.00000    0.00000    0.00000    0.00000    0.00000    0.09000    -0.25000   3.34000    -1.69993   4.50000    31.90001
A-T        0.00000    0.00000    0.00000    0.00000    0.00000    0.00000    -0.28000   0.09000    3.37001    -1.49990   1.89987    36.30008
G-C        0.00000    0.00000    0.00000    0.00000    0.00000    0.00000    0.09000    -0.25000   3.34000    -1.69995   4.49993    31.90004
T-A        0.00000    0.00000    0.00000    0.00000    0.00000    0.00000    -0.09000   0.53000    3.33000    -0.50002   4.69990    37.30006
T-A        0.00000    0.00000    0.00000    0.00000    0.00000    0.00000    0.03000    -0.08000   3.27000    1.39995    0.69984    35.10008
C-G        0.00000    0.00000    0.00000    0.00000    0.00000    0.00000    -0.09000   -0.25000   3.34000    1.69990    4.49994    31.90004
T-A        0.00000    0.00000    0.00000    0.00000    0.00000    0.00000    0.27999    0.09000    3.37000    1.49993    1.90001    36.30000
T-A        0.00000    0.00000    0.00000    0.00000    0.00000    0.00000    0.03000    -0.07999   3.27000    1.39994    0.70022    35.09992
C-G        0.00000    0.00000    0.00000    0.00000    0.00000    0.00000    -0.09000   -0.25000   3.34000    1.70000    4.50022    31.89996
C-G        0.00000    0.00000    0.00000    0.00000    0.00000    0.00000    -0.04999   -0.22000   3.42000    0.10008    3.60015    32.89996
C-G        0.00000    0.00000    0.00000    0.00000    0.00000    0.00000    -0.04999   -0.22000   3.42000    0.10011    3.60009    32.89997
G-C        0.00000    0.00000    0.00000    0.00000    0.00000    0.00000    0.00001    0.41000    3.39000    0.00013    5.39996    36.10003
G-C        0.00000    0.00000    0.00000    0.00000    0.00000    0.00000    0.05001    -0.21999   3.42000    -0.09989   3.59986    32.90009
A-T        0.00000    0.00000    0.00000    0.00000    0.00000    0.00000    -0.28000   0.09000    3.37001    -1.49997   1.89976    36.30011
A-T        0.00000    0.00000    0.00000    0.00000    0.00000    0.00000    -0.03000   -0.08001   3.27000    -1.40004   0.69974    35.10013
A-T        0.00000    0.00000    0.00000    0.00000    0.00000    0.00000    -0.03000   -0.08000   3.27000    -1.40007   0.69986    35.10009
A-T        0.00000    0.00000    0.00000    0.00000    0.00000    0.00000    -0.03000   -0.08000   3.27000    -1.40008   0.70003    35.10002
C-G        0.00000    0.00000    0.00000    0.00000    0.00000    0.00000    0.13000    -0.58000   3.36000    -0.10007   0.70008    31.49998
G-C        0.00000    0.00000    0.00000    0.00000    0.00000    0.00000    -0.00000   0.41000    3.39000    -0.00004   5.40025    36.09987
C-G        0.00000    0.00000    0.00000    0.00000    0.00000    0.00000    0.00000    -0.38001   3.40000    0.00003    0.30015    33.59995
G-C        0.00000    0.00000    0.00000    0.00000    0.00000    0.00000    0.00001    0.41000    3.39000    0.00012    5.40015    36.09994
G-C        0.00000    0.00000    0.00000    0.00000    0.00000    0.00000    0.05001    -0.22000   3.42000    -0.09987   3.59995    32.90009
T-A        0.00000    0.00000    0.00000    0.00000    0.00000    0.00000    -0.09000   0.53000    3.33000    -0.49993   4.69991    37.30007
G-C        0.00000    0.00000    0.00000    0.00000    0.00000    0.00000    -0.13000   -0.57998   3.36000    0.10000    0.69982    31.50018
G-C        0.00000    0.00000    0.00000    0.00000    0.00000    0.00000    0.05001    -0.22000   3.42000    -0.09997   3.59985    32.90009
A-T        0.00000    0.00000    0.00000    0.00000    0.00000    0.00000    -0.28000   0.09000    3.37000    -1.50008   1.89986    36.30008
A-T        0.00000    0.00000    0.00000    0.00000    0.00000    0.00000    -0.03000   -0.08000   3.27000    -1.40008   0.69996    35.10006
T-A        0.00000    0.00000    0.00000    0.00000    0.00000    0.00000    -0.00000   -0.59000   3.31000    -0.00005   1.10004    29.30002
A-T        0.00000    0.00000    0.00000    0.00000    0.00000    0.00000    -0.00000   0.04999    3.42000    -0.00003   3.30030    37.79996
T-A        0.00000    0.00000    0.00000    0.00000    0.00000    0.00000    0.00000    -0.59000   3.31000    0.00000    1.10016    29.29997
T-A        0.00000    0.00000    0.00000    0.00000    0.00000    0.00000    0.03000    -0.08000   3.27000    1.40004    0.70017    35.09996
T-A        0.00000    0.00000    0.00000    0.00000    0.00000    0.00000    0.03000    -0.08000   3.27000    1.40008    0.70004    35.10002
C-G        0.00000    0.00000    0.00000    0.00000    0.00000    0.00000    -0.09000   -0.25000   3.34000    1.70010    4.49994    31.90004
G-C        0.00000    0.00000    0.00000    0.00000    0.00000    0.00000    0.00001    0.41000    3.39000    0.00007    5.39978    36.10019
T-A        0.00000    0.00000    0.00000    0.00000    0.00000    0.00000    -0.09000   0.53000    3.33000    -0.50000   4.69986    37.30011
T-A        0.00000    0.00000    0.00000    0.00000    0.00000    0.00000    0.03000    -0.08000   3.27000    1.39996    0.69980    35.10012
T-A        0.00000    0.00000    0.00000    0.00000    0.00000    0.00000    0.03000    -0.08000   3.27000    1.39992    0.69991    35.10007
C-G        0.00000    0.00000    0.00000    0.00000    0.00000    0.00000    -0.09000   -0.25000   3.34000    1.69990    4.50002    31.90006
C-G        0.00000    0.00000    0.00000    0.00000    0.00000    0.00000    -0.05000   -0.22000   3.42000    0.09995    3.60010    32.90009
T-A        0.00000    0.00000    0.00000    0.00000    0.00000    0.00000    0.28000    0.09000    3.37000    1.50000    1.90008    36.30002
A-T        0.00000    0.00000    0.00000    0.00000    0.00000    0.00000    0.00000    0.04998    3.42000    0.00002    3.30050    37.79982
C-G        0.00000    0.00000    0.00000    0.00000    0.00000    0.00000    0.13000    -0.58000   3.36000    -0.09992   0.70005    31.50002
T-A        0.00000    0.00000    0.00000    0.00000    0.00000    0.00000    0.28001    0.09000    3.37000    1.50009    1.89999    36.30006
A-T        0.00000    0.00000    0.00000    0.00000    0.00000    0.00000    0.00000    0.05001    3.42000    0.00005    3.29967    37.80018
C-G        0.00000    0.00000    0.00000    0.00000    0.00000    0.00000    0.13000    -0.58000   3.36000    -0.09998   0.69986    31.50010
G-C        0.00000    0.00000    0.00000    0.00000    0.00000    0.00000    -0.00001   0.41000    3.39000    -0.00003   5.39979    36.10017
A-T        0.00000    0.00000    0.00000    0.00000    0.00000    0.00000    -0.28000   0.09000    3.37000    -1.50009   1.89987    36.30008
C-G        0.00000    0.00000    0.00000    0.00000    0.00000    0.00000    0.13000    -0.58000   3.36000    -0.10009   0.70001    31.49999
T-A        0.00000    0.00000    0.00000    0.00000    0.00000    0.00000    0.28000    0.09000    3.37000    1.49993    1.90004    36.30002
A-T        0.00000    0.00000    0.00000    0.00000    0.00000    0.00000    -0.00000   0.04998    3.42000    -0.00003   3.30049    37.79983
C-G        0.00000    0.00000    0.00000    0.00000    0.00000    0.00000    0.13000    -0.58000   3.36000    -0.09997   0.70011    31.49998
T-A        0.00000    0.00000    0.00000    0.00000    0.00000    0.00000    0.28001    0.09000    3.37000    1.50009    1.90005    36.30004
A-T        0.00000    0.00000    0.00000    0.00000    0.00000    0.00000    0.00000    0.05000    3.42000    0.00007    3.30003    37.80001
T-A        0.00000    0.00000    0.00000    0.00000    0.00000    0.00000    0.00000    -0.59000   3.31000    0.00005    1.09990    29.30008
C-G        0.00000    0.00000    0.00000    0.00000    0.00000    0.00000    -0.09000   -0.25000   3.34000    1.70003    4.49981    31.90009
A-T        0.00000    0.00000    0.00000    0.00000    0.00000    0.00000    0.09000    0.53003    3.33000    0.50001    4.69974    37.30028
G-C        0.00000    0.00000    0.00000    0.00000    0.00000    0.00000    0.08999    -0.25000   3.34000    -1.70006   4.49996    31.90006
C-G        0.00000    0.00000    0.00000    0.00000    0.00000    0.00000    -0.00001   -0.38000   3.40000    -0.00011   0.29996    33.60007
C-G        0.00000    0.00000    0.00000    0.00000    0.00000    0.00000    -0.05000   -0.22000   3.42000    0.09993    3.60005    32.90008
G-C        0.00000    0.00000    0.00000    0.00000    0.00000    0.00000    -0.00001   0.41000    3.39000    -0.00007   5.40021    36.09989
G-C        0.00000    0.00000    0.00000    0.00000    0.00000    0.00000    0.04999    -0.22000   3.42000    -0.10001   3.60012    32.90004
A-T        0.00000    0.00000    0.00000    0.00000    0.00000    0.00000    -0.28000   0.09000    3.37000    -1.49992   1.90015    36.29999
A-T        0.00000    0.00000    0.00000    0.00000    0.00000    0.00000    -0.03000   -0.08000   3.27000    -1.39993   0.70006    35.09999
G-C        0.00000    0.00000    0.00000    0.00000    0.00000    0.00000    0.09000    -0.25000   3.34000    -1.69991   4.49995    31.90004
C-G        0.00000    0.00000    0.00000    0.00000    0.00000    0.00000    0.00000    -0.37999   3.40000    0.00005    0.29989    33.60006
C-G        0.00000    0.00000    0.00000    0.00000    0.00000    0.00000    -0.05001   -0.22000   3.42000    0.09997    3.59987    32.90004
T-A        0.00000    0.00000    0.00000    0.00000    0.00000    0.00000    0.28000    0.09000    3.37000    1.49996    1.89992    36.30004
A-T        0.00000    0.00000    0.00000    0.00000    0.00000    0.00000    -0.00000   0.05001    3.42000    -0.00005   3.29987    37.80012
T-A        0.00000    0.00000    0.00000    0.00000    0.00000    0.00000    -0.00000   -0.59000   3.31000    -0.00005   1.09998    29.30005
G-C        0.00000    0.00000    0.00000    0.00000    0.00000    0.00000    -0.13000   -0.58001   3.36000    0.09993    0.70012    31.50000
T-A        0.00000    0.00000    0.00000    0.00000    0.00000    0.00000    -0.09000   0.53000    3.33000    -0.50003   4.70010    37.29999
A-T        0.00000    0.00000    0.00000    0.00000    0.00000    0.00000    0.00000    0.04999    3.42000    0.00004    3.30033    37.79989
C-G        0.00000    0.00000    0.00000    0.00000    0.00000    0.00000    0.13000    -0.58000   3.36000    -0.09994   0.70001    31.50005
C-G        0.00000    0.00000    0.00000    0.00000    0.00000    0.00000    -0.05000   -0.22000   3.42000    0.10006    3.60000    32.90003
G-C        0.00000    0.00000    0.00000    0.00000    0.00000    0.00000    0.00001    0.41000    3.39000    0.00008    5.39979    36.10021
A-T        0.00000    0.00000    0.00000    0.00000    0.00000    0.00000    -0.28000   0.09000    3.37000    -1.49998   1.89983    36.30008
G-C        0.00000    0.00000    0.00000    0.00000    0.00000    0.00000    0.08999    -0.25000   3.34000    -1.70002   4.49994    31.90006
T-A        0.00000    0.00000    0.00000    0.00000    0.00000    0.00000    -0.09000   0.53000    3.33000    -0.50004   4.69996    37.30001
T-A        0.00000    0.00000    0.00000    0.00000    0.00000    0.00000    0.03000    -0.08000   3.27000    1.39994    0.69997    35.10005
C-G        0.00000    0.00000    0.00000    0.00000    0.00000    0.00000    -0.09000   -0.25000   3.34000    1.69993    4.50008    31.90002
C-G        0.00000    0.00000    0.00000    0.00000    0.00000    0.00000    -0.05000   -0.22000   3.42000    0.09998    3.60008    32.90003
G-C        0.00000    0.00000    0.00000    0.00000    0.00000    0.00000    -0.00000   0.41000    3.39000    0.00003    5.40017    36.09992
A-T        0.00000    0.00000    0.00000    0.00000    0.00000    0.00000    -0.28000   0.09000    3.37000    -1.49992   1.90009    36.30001
C-G        0.00000    0.00000    0.00000    0.00000    0.00000    0.00000    0.13000    -0.58000   3.36000    -0.09994   0.69999    31.50004
A-T        0.00000    0.00000    0.00000    0.00000    0.00000    0.00000    0.09000    0.53001    3.33000    0.50009    4.69989    37.30010
C-G        0.00000    0.00000    0.00000    0.00000    0.00000    0.00000    0.13000    -0.58000   3.36000    -0.09997   0.69991    31.50007
T-A        0.00000    0.00000    0.00000    0.00000    0.00000    0.00000    0.28000    0.09000    3.37000    1.50000    1.89992    36.30005
T-A        0.00000    0.00000    0.00000    0.00000    0.00000    0.00000    0.03000    -0.08000   3.27000    1.39995    0.69989    35.10007
T-A        0.00000    0.00000    0.00000    0.00000    0.00000    0.00000    0.03000    -0.08000   3.27000    1.39993    0.69999    35.10003
C-G        0.00000    0.00000    0.00000    0.00000    0.00000    0.00000    -0.09000   -0.25000   3.34000    1.69994    4.50009    31.90003
A-T        0.00000    0.00000    0.00000    0.00000    0.00000    0.00000    0.09000    0.52999    3.33000    0.49996    4.70014    37.29999
T-A        0.00000    0.00000    0.00000    0.00000    0.00000    0.00000    -0.00000   -0.59000   3.31000    -0.00002   1.10012    29.29997
T-A        0.00000    0.00000    0.00000    0.00000    0.00000    0.00000    0.03000    -0.08000   3.27000    1.40003    0.70008    35.10000
G-C        0.00000    0.00000    0.00000    0.00000    0.00000    0.00000    -0.13000   -0.58000   3.36000    0.10006    0.70006    31.49997
A-T        0.00000    0.00000    0.00000    0.00000    0.00000    0.00000    -0.28000   0.09000    3.37000    -1.49992   1.89992    36.30007
G-C        0.00000    0.00000    0.00000    0.00000    0.00000    0.00000    0.09000    -0.25000   3.34000    -1.69993   4.49996    31.90006
A-T        0.00000    0.00000    0.00000    0.00000    0.00000    0.00000    -0.28000   0.09000    3.37000    -1.50000   1.89983    36.30007
A-T        0.00000    0.00000    0.00000    0.00000    0.00000    0.00000    -0.03000   -0.08000   3.27000    -1.40003   0.69983    35.10008
A-T        0.00000    0.00000    0.00000    0.00000    0.00000    0.00000    -0.03000   -0.08000   3.27000    -1.40005   0.69994    35.10003
G-C        0.00000    0.00000    0.00000    0.00000    0.00000    0.00000    0.08999    -0.25000   3.34000    -1.70009   4.50002    31.90002
A-T        0.00000    0.00000    0.00000    0.00000    0.00000    0.00000    -0.28000   0.09001    3.37000    -1.50007   1.90012    36.29999
T-A        0.00000    0.00000    0.00000    0.00000    0.00000    0.00000    -0.00000   -0.59000   3.31000    -0.00002   1.10008    29.29998
G-C        0.00000    0.00000    0.00000    0.00000    0.00000    0.00000    -0.13000   -0.58001   3.36000    0.09999    0.70012    31.49999
C-G        0.00000    0.00000    0.00000    0.00000    0.00000    0.00000    0.00000    -0.38000   3.40000    0.00007    0.30008    33.60001
C-G        0.00000    0.00000    0.00000    0.00000    0.00000    0.00000    -0.04999   -0.22000   3.42000    0.10007    3.60004    32.90002
T-A        0.00000    0.00000    0.00000    0.00000    0.00000    0.00000    0.28001    0.09000    3.37000    1.50002    1.90000    36.30006
C-G        0.00000    0.00000    0.00000    0.00000    0.00000    0.00000    -0.09000   -0.25000   3.34000    1.70004    4.49988    31.90005
A-T        0.00000    0.00000    0.00000    0.00000    0.00000    0.00000    0.09000    0.53001    3.33000    0.50002    4.69991    37.30004
G-C        0.00000    0.00000    0.00000    0.00000    0.00000    0.00000    0.09000    -0.25000   3.34000    -1.70001   4.49998    31.90008
C-G        0.00000    0.00000    0.00000    0.00000    0.00000    0.00000    -0.00001   -0.38000   3.40000    -0.00007   0.29995    33.60004
T-A        0.00000    0.00000    0.00000    0.00000    0.00000    0.00000    0.28000    0.09000    3.37000    1.49996    1.89997    36.30001
C-G        0.00000    0.00000    0.00000    0.00000    0.00000    0.00000    -0.09000   -0.25000   3.34000    1.69994    4.50011    31.89999
T-A        0.00000    0.00000    0.00000    0.00000    0.00000    0.00000    0.28000    0.09000    3.37000    1.50003    1.90007    36.30000
G-C        0.00000    0.00000    0.00000    0.00000    0.00000    0.00000    -0.13000   -0.58001   3.36000    0.10000    0.70011    31.50001
T-A        0.00000    0.00000    0.00000    0.00000    0.00000    0.00000    -0.09000   0.53000    3.33000    -0.49995   4.70007    37.29998
T-A        0.00000    0.00000    0.00000    0.00000    0.00000    0.00000    0.03000    -0.08000   3.27000    1.40007    0.69990    35.10007
A-T        0.00000    0.00000    0.00000    0.00000    0.00000    0.00000    0.00000    0.05001    3.42000    0.00003    3.29987    37.80009
C-G        0.00000    0.00000    0.00000    0.00000    0.00000    0.00000    0.13000    -0.58000   3.36000    -0.09996   0.69994    31.50005
A-T        0.00000    0.00000    0.00000    0.00000    0.00000    0.00000    0.09000    0.53001    3.33000    0.49999    4.69992    37.30001
G-C        0.00000    0.00000    0.00000    0.00000    0.00000    0.00000    0.09000    -0.25000   3.34000    -1.70002   4.49998    31.90005
G-C        0.00000    0.00000    0.00000    0.00000    0.00000    0.00000    0.05000    -0.22000   3.42000    -0.10006   3.59997    32.90000
T-A        0.00000    0.00000    0.00000    0.00000    0.00000    0.00000    -0.09000   0.53000    3.33000    -0.50004   4.70001    37.30001
C-G        0.00000    0.00000    0.00000    0.00000    0.00000    0.00000    -0.09000   -0.25000   3.34000    1.69996    4.50013    31.89998
A-T        0.00000    0.00000    0.00000    0.00000    0.00000    0.00000    0.09000    0.52999    3.33000    0.50000    4.70010    37.29999
C-G        0.00000    0.00000    0.00000    0.00000    0.00000    0.00000    0.13000    -0.58000   3.36000    -0.09999   0.70005    31.49994
T-A        0.00000    0.00000    0.00000    0.00000    0.00000    0.00000    0.28000    0.09000    3.37000    1.50005    1.90005    36.29999
A-T        0.00000    0.00000    0.00000    0.00000    0.00000    0.00000    0.00000    0.05000    3.42000    0.00004    3.29992    37.80008
A-T        0.00000    0.00000    0.00000    0.00000    0.00000    0.00000    -0.03000   -0.08000   3.27000    -1.39997   0.69989    35.10005
T-A        0.00000    0.00000    0.00000    0.00000    0.00000    0.00000    0.00000    -0.59000   3.31000    0.00002    1.09990    29.30004
A-T        0.00000    0.00000    0.00000    0.00000    0.00000    0.00000    -0.00000   0.05000    3.42000    -0.00001   3.29991    37.80002
C-G        0.00000    0.00000    0.00000    0.00000    0.00000    0.00000    0.13000    -0.58000   3.36000    -0.10004   0.69996    31.50005
C-G        0.00000    0.00000    0.00000    0.00000    0.00000    0.00000    -0.05001   -0.22000   3.42000    0.09992    3.59997    32.90001
A-T        0.00000    0.00000    0.00000    0.00000    0.00000    0.00000    0.09000    0.52999    3.33000    0.49999    4.70006    37.29993
T-A        0.00000    0.00000    0.00000    0.00000    0.00000    0.00000    -0.00000   -0.59000   3.31000    -0.00003   1.10007    29.29997
C-G        0.00000    0.00000    0.00000    0.00000    0.00000    0.00000    -0.09000   -0.25000   3.34000    1.70001    4.50011    31.90000
T-A        0.00000    0.00000    0.00000    0.00000    0.00000    0.00000    0.28000    0.09000    3.37000    1.50004    1.90003    36.29997
A-T        0.00000    0.00000    0.00000    0.00000    0.00000    0.00000    0.00000    0.05000    3.42000    0.00003    3.30006    37.79998
A-T        0.00000    0.00000    0.00000    0.00000    0.00000    0.00000    -0.03000   -0.08000   3.27000    -1.39996   0.69998    35.09999
G-C        0.00000    0.00000    0.00000    0.00000    0.00000    0.00000    0.09000    -0.25000   3.34000    -1.69996   4.49995    31.89999
T-A        0.00000    0.00000    0.00000    0.00000    0.00000    0.00000    -0.09000   0.53000    3.33000    -0.49999   4.69990    37.30001
A-T        0.00000    0.00000    0.00000    0.00000    0.00000    0.00000    -0.00000   0.05001    3.42000    -0.00005   3.29985    37.80005
G-C        0.00000    0.00000    0.00000    0.00000    0.00000    0.00000    0.09000    -0.25000   3.34000    -1.70003   4.49998    31.90000
T-A        0.00000    0.00000    0.00000    0.00000    0.00000    0.00000    -0.09000   0.53000    3.33000    -0.50002   4.70000    37.29999
T-A        0.00000    0.00000    0.00000    0.00000    0.00000    0.00000    0.03000    -0.08000   3.27000    1.39998    0.70008    35.09996
G-C        0.00000    0.00000    0.00000    0.00000    0.00000    0.00000    -0.13000   -0.58001   3.36000    0.10001    0.70012    31.49991
A-T        0.00000    0.00000    0.00000    0.00000    0.00000    0.00000    -0.28000   0.09000    3.37000    -1.49997   1.90012    36.29994
T-A        0.00000    0.00000    0.00000    0.00000    0.00000    0.00000    -0.00000   -0.59000   3.31000    0.00001    1.10004    29.29996
T-A        0.00000    0.00000    0.00000    0.00000    0.00000    0.00000    0.03000    -0.08000   3.27000    1.40003    0.70004    35.09998
C-G        0.00000    0.00000    0.00000    0.00000    0.00000    0.00000    -0.09000   -0.25000   3.34000    1.70004    4.49990    31.90002
A-T        0.00000    0.00000    0.00000    0.00000    0.00000    0.00000    0.09000    0.53001    3.33000    0.50001    4.69990    37.30006
T-A        0.00000    0.00000    0.00000    0.00000    0.00000    0.00000    0.00000    -0.59000   3.31000    -0.00001   1.09987    29.30007
A-T        0.00000    0.00000    0.00000    0.00000    0.00000    0.00000    -0.00000   0.05001    3.42000    -0.00003   3.29980    37.80007
G-C        0.00000    0.00000    0.00000    0.00000    0.00000    0.00000    0.09000    -0.25000   3.34000    -1.70003   4.49997    31.90001
T-A        0.00000    0.00000    0.00000    0.00000    0.00000    0.00000    -0.09000   0.53000    3.33000    -0.50005   4.70004    37.29998
G-C        0.00000    0.00000    0.00000    0.00000    0.00000    0.00000    -0.13000   -0.58001   3.36000    0.09998    0.70009    31.49994
A-T        0.00000    0.00000    0.00000    0.00000    0.00000    0.00000    -0.28000   0.09000    3.37000    -1.50000   1.90018    36.29992
C-G        0.00000    0.00000    0.00000    0.00000    0.00000    0.00000    0.13000    -0.58000   3.36000    -0.09996   0.70007    31.49996
T-A        0.00000    0.00000    0.00000    0.00000    0.00000    0.00000    0.28000    0.09000    3.37000    1.50006    1.90002    36.29998
G-C        0.00000    0.00000    0.00000    0.00000    0.00000    0.00000    -0.13000   -0.58000   3.36000    0.10006    0.70000    31.49991
C-G        0.00000    0.00000    0.00000    0.00000    0.00000    0.00000    0.00000    -0.38000   3.40000    0.00003    0.29995    33.60001
A-T        0.00000    0.00000    0.00000    0.00000    0.00000    0.00000    0.09000    0.53001    3.33000    0.50001    4.69990    37.30005
T-A        0.00000    0.00000    0.00000    0.00000    0.00000    0.00000    0.00000    -0.59000   3.31000    -0.00001   1.09988    29.30005
A-T        0.00000    0.00000    0.00000    0.00000    0.00000    0.00000    -0.00000   0.05001    3.42000    -0.00006   3.29983    37.80006
T-A        0.00000    0.00000    0.00000    0.00000    0.00000    0.00000    -0.00000   -0.59000   3.31000    -0.00004   1.10004    29.29995
G-C        0.00000    0.00000    0.00000    0.00000    0.00000    0.00000    -0.13000   -0.58000   3.36000    0.09995    0.70005    31.50000
T-A        0.00000    0.00000    0.00000    0.00000    0.00000    0.00000    -0.09000   0.53000    3.33000    -0.50003   4.70008    37.29996
T-A        0.00000    0.00000    0.00000    0.00000    0.00000    0.00000    0.03000    -0.08000   3.27000    1.40000    0.70017    35.09993
G-C        0.00000    0.00000    0.00000    0.00000    0.00000    0.00000    -0.13000   -0.58001   3.36000    0.10006    0.70011    31.49986
T-A        0.00000    0.00000    0.00000    0.00000    0.00000    0.00000    -0.09000   0.53000    3.33000    -0.49996   4.70001    37.29998
G-C        0.00000    0.00000    0.00000    0.00000    0.00000    0.00000    -0.13000   -0.58000   3.36000    0.10007    0.70000    31.49992
T-A        0.00000    0.00000    0.00000    0.00000    0.00000    0.00000    -0.09000   0.53000    3.33000    -0.49998   4.69994    37.30001
T-A        0.00000    0.00000    0.00000    0.00000    0.00000    0.00000    0.03000    -0.08000   3.27000    1.40000    0.69982    35.10008
T-A        0.00000    0.00000    0.00000    0.00000    0.00000    0.00000    0.03000    -0.08000   3.27000    1.39997    0.69991    35.10003
T-A        0.00000    0.00000    0.00000    0.00000    0.00000    0.00000    0.03000    -0.08000   3.27000    1.39995    0.70002    35.09998
A-T        0.00000    0.00000    0.00000    0.00000    0.00000    0.00000    -0.00000   0.05000    3.42000    -0.00004   3.29998    37.80005
C-G        0.00000    0.00000    0.00000    0.00000    0.00000    0.00000    0.13000    -0.58000   3.36000    -0.10002   0.70007    31.49997
A-T        0.00000    0.00000    0.00000    0.00000    0.00000    0.00000    0.09000    0.52999    3.33000    0.50000    4.70014    37.29989
G-C        0.00000    0.00000    0.00000    0.00000    0.00000    0.00000    0.09000    -0.25000   3.34000    -1.69997   4.50002    31.89998
T-A        0.00000    0.00000    0.00000    0.00000    0.00000    0.00000    -0.09000   0.53000    3.33000    -0.49996   4.70002    37.29999
A-T        0.00000    0.00000    0.00000    0.00000    0.00000    0.00000    0.00000    0.05000    3.42000    0.00003    3.30006    37.79993
T-A        0.00000    0.00000    0.00000    0.00000    0.00000    0.00000    0.00000    -0.59000   3.31000    0.00003    1.09988    29.30006
T-A        0.00000    0.00000    0.00000    0.00000    0.00000    0.00000    0.03000    -0.08000   3.27000    1.40001    0.69981    35.10009
A-T        0.00000    0.00000    0.00000    0.00000    0.00000    0.00000    -0.00000   0.05001    3.42000    -0.00005   3.29981    37.80010
T-A        0.00000    0.00000    0.00000    0.00000    0.00000    0.00000    -0.00000   -0.59000   3.31000    -0.00002   1.09995    29.30002
G-C        0.00000    0.00000    0.00000    0.00000    0.00000    0.00000    -0.13000   -0.58000   3.36000    0.09992    0.69999    31.50006
T-A        0.00000    0.00000    0.00000    0.00000    0.00000    0.00000    -0.09000   0.53000    3.33000    -0.50002   4.70005    37.29994
A-T        0.00000    0.00000    0.00000    0.00000    0.00000    0.00000    -0.00000   0.04999    3.42000    -0.00003   3.30020    37.79994
G-C        0.00000    0.00000    0.00000    0.00000    0.00000    0.00000    0.09000    -0.25000   3.34000    -1.69999   4.50005    31.90000
T-A        0.00000    0.00000    0.00000    0.00000    0.00000    0.00000    -0.09000   0.53000    3.33000    -0.49997   4.70001    37.30003
C-G        0.00000    0.00000    0.00000    0.00000    0.00000    0.00000    -0.09000   -0.25000   3.34000    1.70006    4.50000    31.90002
T-A        0.00000    0.00000    0.00000    0.00000    0.00000    0.00000    0.28000    0.09000    3.37000    1.50001    1.89997    36.30002
G-C        0.00000    0.00000    0.00000    0.00000    0.00000    0.00000    -0.13000   -0.57999   3.36000    0.10000    0.69991    31.50004
T-A        0.00000    0.00000    0.00000    0.00000    0.00000    0.00000    -0.09000   0.53000    3.33000    -0.50001   4.69994    37.30003
T-A        0.00000    0.00000    0.00000    0.00000    0.00000    0.00000    0.03000    -0.08000   3.27000    1.39997    0.69993    35.10003
T-A        0.00000    0.00000    0.00000    0.00000    0.00000    0.00000    0.03000    -0.08000   3.27000    1.39996    0.70001    35.10000
T-A        0.00000    0.00000    0.00000    0.00000    0.00000    0.00000    0.03000    -0.08000   3.27000    1.39997    0.70006    35.09998
T-A        0.00000    0.00000    0.00000    0.00000    0.00000    0.00000    0.03000    -0.08000   3.27000    1.39999    0.70009    35.09997
T-A        0.00000    0.00000    0.00000    0.00000    0.00000    0.00000    0.03000    -0.08000   3.27000    1.40001    0.70008    35.09998
A-T        0.00000    0.00000    0.00000    0.00000    0.00000    0.00000    0.00000    0.05000    3.42000    0.00004    3.30011    37.79995
T-A        0.00000    0.00000    0.00000    0.00000    0.00000    0.00000    0.00000    -0.59000   3.31000    0.00003    1.10000    29.30000
G-C        0.00000    0.00000    0.00000    0.00000    0.00000    0.00000    -0.13000   -0.58000   3.36000    0.10004    0.69998    31.50004
C-G        0.00000    0.00000    0.00000    0.00000    0.00000    0.00000    0.00000    -0.38000   3.40000    0.00002    0.29994    33.60004
A-T        0.00000    0.00000    0.00000    0.00000    0.00000    0.00000    0.09000    0.53001    3.33000    0.49997    4.69994    37.30004
A-T        0.00000    0.00000    0.00000    0.00000    0.00000    0.00000    -0.03000   -0.08000   3.27000    -1.40002   0.69989    35.10006
A-T        0.00000    0.00000    0.00000    0.00000    0.00000    0.00000    -0.03000   -0.08000   3.27000    -1.40003   0.69992    35.10005
A-T        0.00000    0.00000    0.00000    0.00000    0.00000    0.00000    -0.03000   -0.08000   3.27000    -1.40003   0.69997    35.10003
T-A        0.00000    0.00000    0.00000    0.00000    0.00000    0.00000    0.00000    -0.59000   3.31000    0.00001    1.10003    29.29999
C-G        0.00000    0.00000    0.00000    0.00000    0.00000    0.00000    -0.09000   -0.25000   3.34000    1.70001    4.50009    31.89998
T-A        0.00000    0.00000    0.00000    0.00000    0.00000    0.00000    0.28000    0.09000    3.37000    1.50003    1.90002    36.30002
A-T        0.00000    0.00000    0.00000    0.00000    0.00000    0.00000    0.00000    0.05000    3.42000    0.00006    3.29995    37.80007
A-T        0.00000    0.00000    0.00000    0.00000    0.00000    0.00000    -0.03000   -0.08000   3.27000    -1.39997   0.70001    35.10000
T-A        0.00000    0.00000    0.00000    0.00000    0.00000    0.00000    0.00000    -0.59000   3.31000    0.00001    1.09994    29.30003
T-A        0.00000    0.00000    0.00000    0.00000    0.00000    0.00000    0.03000    -0.08000   3.27000    1.40001    0.69990    35.10004
T-A        0.00000    0.00000    0.00000    0.00000    0.00000    0.00000    0.03000    -0.08000   3.27000    1.40000    0.69988    35.10005
A-T        0.00000    0.00000    0.00000    0.00000    0.00000    0.00000    -0.00000   0.05000    3.42000    -0.00003   3.30010    37.79996
A-T        0.00000    0.00000    0.00000    0.00000    0.00000    0.00000    -0.03000   -0.08000   3.27000    -1.40003   0.69994    35.10004
T-A        0.00000    0.00000    0.00000    0.00000    0.00000    0.00000    -0.00000   -0.59000   3.31000    -0.00002   1.10002    29.29999
A-T        0.00000    0.00000    0.00000    0.00000    0.00000    0.00000    -0.00000   0.04999    3.42000    -0.00002   3.30016    37.79994
T-A        0.00000    0.00000    0.00000    0.00000    0.00000    0.00000    0.00000    -0.59000   3.31000    0.00002    1.10005    29.29997
A-T        0.00000    0.00000    0.00000    0.00000    0.00000    0.00000    0.00000    0.05000    3.42000    0.00002    3.29996    37.80005
T-A        0.00000    0.00000    0.00000    0.00000    0.00000    0.00000    0.00000    -0.59000   3.31000    0.00003    1.10000    29.30000
T-A        0.00000    0.00000    0.00000    0.00000    0.00000    0.00000    0.03000    -0.08000   3.27000    1.40002    0.69997    35.10003
G-C        0.00000    0.00000    0.00000    0.00000    0.00000    0.00000    -0.13000   -0.57999   3.36000    0.10002    0.69991    31.50009
A-T        0.00000    0.00000    0.00000    0.00000    0.00000    0.00000    -0.28000   0.09000    3.37000    -1.50002   1.89994    36.30003
T-A        0.00000    0.00000    0.00000    0.00000    0.00000    0.00000    -0.00000   -0.59000   3.31000    -0.00005   1.09994    29.30003
A-T        0.00000    0.00000    0.00000    0.00000    0.00000    0.00000    -0.00000   0.05000    3.42000    -0.00001   3.30007    37.80000
T-A        0.00000    0.00000    0.00000    0.00000    0.00000    0.00000    -0.00000   -0.59000   3.31000    -0.00002   1.10002    29.29999
T-A        0.00000    0.00000    0.00000    0.00000    0.00000    0.00000    0.03000    -0.08000   3.27000    1.39999    0.70005    35.09998
T-A        0.00000    0.00000    0.00000    0.00000    0.00000    0.00000    0.03000    -0.08000   3.27000    1.40000    0.70007    35.09998
A-T        0.00000    0.00000    0.00000    0.00000    0.00000    0.00000    0.00000    0.05000    3.42000    0.00001    3.30004    37.80000
T-A        0.00000    0.00000    0.00000    0.00000    0.00000    0.00000    0.00000    -0.59000   3.31000    0.00003    1.10000    29.29999
A-T        0.00000    0.00000    0.00000    0.00000    0.00000    0.00000    0.00000    0.05000    3.42000    0.00002    3.29994    37.80001
T-A        0.00000    0.00000    0.00000    0.00000    0.00000    0.00000    0.00000    -0.59000   3.31000    0.00002    1.09995    29.30002
C-G        0.00000    0.00000    0.00000    0.00000    0.00000    0.00000    -0.09000   -0.25000   3.34000    1.69996    4.49996    31.90001
A-T        0.00000    0.00000    0.00000    0.00000    0.00000    0.00000    0.09000    0.53000    3.33000    0.50001    4.69997    37.30003
T-A        0.00000    0.00000    0.00000    0.00000    0.00000    0.00000    -0.00000   -0.59000   3.31000    -0.00005   1.09998    29.30001
T-A        0.00000    0.00000    0.00000    0.00000    0.00000    0.00000    0.03000    -0.08000   3.27000    1.39997    0.70005    35.09999
T-A        0.00000    0.00000    0.00000    0.00000    0.00000    0.00000    0.03000    -0.08000   3.27000    1.39999    0.70009    35.09997
T-A        0.00000    0.00000    0.00000    0.00000    0.00000    0.00000    0.03000    -0.08000   3.27000    1.40000    0.70008    35.09997
A-T        0.00000    0.00000    0.00000    0.00000    0.00000    0.00000    0.00000    0.05000    3.42000    0.00001    3.30000    37.80004
C-G        0.00000    0.00000    0.00000    0.00000    0.00000    0.00000    0.13000    -0.58000   3.36000    -0.09998   0.69996    31.50003
G-C        0.00000    0.00000    0.00000    0.00000    0.00000    0.00000    0.00000    0.41000    3.39000    0.00003    5.39985    36.10015
T-A        0.00000    0.00000    0.00000    0.00000    0.00000    0.00000    -0.09000   0.53000    3.33000    -0.49999   4.69995    37.30002
T-A        0.00000    0.00000    0.00000    0.00000    0.00000    0.00000    0.03000    -0.08000   3.27000    1.39999    0.69990    35.10005
T-A        0.00000    0.00000    0.00000    0.00000    0.00000    0.00000    0.03000    -0.08000   3.27000    1.39998    0.69994    35.10004
C-G        0.00000    0.00000    0.00000    0.00000    0.00000    0.00000    -0.09000   -0.25000   3.34000    1.69996    4.50003    31.90001
T-A        0.00000    0.00000    0.00000    0.00000    0.00000    0.00000    0.28000    0.09000    3.37000    1.49999    1.90002    36.29997
C-G        0.00000    0.00000    0.00000    0.00000    0.00000    0.00000    -0.09000   -0.25000   3.34000    1.70000    4.50009    31.89998
G-C        0.00000    0.00000    0.00000    0.00000    0.00000    0.00000    0.00000    0.41000    3.39000    0.00004    5.40019    36.09983
T-A        0.00000    0.00000    0.00000    0.00000    0.00000    0.00000    -0.09000   0.53000    3.33000    -0.49995   4.70000    37.29999
T-A        0.00000    0.00000    0.00000    0.00000    0.00000    0.00000    0.03000    -0.08000   3.27000    1.40003    0.69995    35.10003
C-G        0.00000    0.00000    0.00000    0.00000    0.00000    0.00000    -0.09000   -0.25000   3.34000    1.70002    4.49996    31.89999
A-T        0.00000    0.00000    0.00000    0.00000    0.00000    0.00000    0.09000    0.53000    3.33000    0.50000    4.69995    37.30001
G-C        0.00000    0.00000    0.00000    0.00000    0.00000    0.00000    0.09000    -0.25000   3.34000    -1.69999   4.49998    31.90006
C-G        0.00000    0.00000    0.00000    0.00000    0.00000    0.00000    -0.00000   -0.38000   3.40000    -0.00004   0.29998    33.60004
T-A        0.00000    0.00000    0.00000    0.00000    0.00000    0.00000    0.28000    0.09000    3.37000    1.49997    1.89999    36.30001
T-A        0.00000    0.00000    0.00000    0.00000    0.00000    0.00000    0.03000    -0.08000   3.27000    1.39998    0.70006    35.09998
T-A        0.00000    0.00000    0.00000    0.00000    0.00000    0.00000    0.03000    -0.08000   3.27000    1.39999    0.70007    35.09998
T-A        0.00000    0.00000    0.00000    0.00000    0.00000    0.00000    0.03000    -0.08000   3.27000    1.40001    0.70005    35.09999
T-A        0.00000    0.00000    0.00000    0.00000    0.00000    0.00000    0.03000    -0.08000   3.27000    1.40002    0.70000    35.10001
T-A        0.00000    0.00000    0.00000    0.00000    0.00000    0.00000    0.03000    -0.08000   3.27000    1.40003    0.69995    35.10003
A-T        0.00000    0.00000    0.00000    0.00000    0.00000    0.00000    0.00000    0.05000    3.42000    0.00003    3.29990    37.80006
T-A        0.00000    0.00000    0.00000    0.00000    0.00000    0.00000    0.00000    -0.59000   3.31000    0.00000    1.09994    29.30003
A-T        0.00000    0.00000    0.00000    0.00000    0.00000    0.00000    -0.00000   0.05000    3.42000    0.00001    3.29988    37.80005
C-G        0.00000    0.00000    0.00000    0.00000    0.00000    0.00000    0.13000    -0.58000   3.36000    -0.10002   0.69995    31.50003
T-A        0.00000    0.00000    0.00000    0.00000    0.00000    0.00000    0.28000    0.09000    3.37000    1.49998    1.90000    36.30001
A-T        0.00000    0.00000    0.00000    0.00000    0.00000    0.00000    0.00000    0.05000    3.42000    0.00000    3.30015    37.79994
A-T        0.00000    0.00000    0.00000    0.00000    0.00000    0.00000    -0.03000   -0.08000   3.27000    -1.40001   0.70007    35.09998
C-G        0.00000    0.00000    0.00000    0.00000    0.00000    0.00000    0.13000    -0.58000   3.36000    -0.10001   0.70005    31.49995
T-A        0.00000    0.00000    0.00000    0.00000    0.00000    0.00000    0.28000    0.09000    3.37000    1.50000    1.90001    36.30000
T-A        0.00000    0.00000    0.00000    0.00000    0.00000    0.00000    0.03000    -0.08000   3.27000    1.40002    0.69997    35.10002
G-C        0.00000    0.00000    0.00000    0.00000    0.00000    0.00000    -0.13000   -0.58000   3.36000    0.10004    0.69994    31.50001
A-T        0.00000    0.00000    0.00000    0.00000    0.00000    0.00000    -0.28000   0.09000    3.37000    -1.49999   1.89998    36.29999
G-C        0.00000    0.00000    0.00000    0.00000    0.00000    0.00000    0.09000    -0.25000   3.34000    -1.69999   4.49997    31.90002
C-G        0.00000    0.00000    0.00000    0.00000    0.00000    0.00000    0.00000    -0.38000   3.40000    -0.00001   0.29999    33.60001
G-C        0.00000    0.00000    0.00000    0.00000    0.00000    0.00000    0.00000    0.41000    3.39000    -0.00001   5.40001    36.10001
A-T        0.00000    0.00000    0.00000    0.00000    0.00000    0.00000    -0.28000   0.09000    3.37000    -1.50002   1.90007    36.29998
A-T        0.00000    0.00000    0.00000    0.00000    0.00000    0.00000    -0.03000   -0.08000   3.27000    -1.40001   0.70003    35.09999
A-T        0.00000    0.00000    0.00000    0.00000    0.00000    0.00000    -0.03000   -0.08000   3.27000    -1.40000   0.70002    35.09999
C-G        0.00000    0.00000    0.00000    0.00000    0.00000    0.00000    0.13000    -0.58000   3.36000    -0.10001   0.70003    31.49996
G-C        0.00000    0.00000    0.00000    0.00000    0.00000    0.00000    0.00000    0.41000    3.39000    0.00001    5.39992    36.10010
G-C        0.00000    0.00000    0.00000    0.00000    0.00000    0.00000    0.05000    -0.22000   3.42000    -0.09998   3.59997    32.90000
G-C        0.00000    0.00000    0.00000    0.00000    0.00000    0.00000    0.05000    -0.22000   3.42000    -0.09998   3.59996    32.90000
A-T        0.00000    0.00000    0.00000    0.00000    0.00000    0.00000    -0.28000   0.09000    3.37000    -1.50000   1.90000    36.29999
A-T        0.00000    0.00000    0.00000    0.00000    0.00000    0.00000    -0.03000   -0.08000   3.27000    -1.40000   0.69998    35.10001
G-C        0.00000    0.00000    0.00000    0.00000    0.00000    0.00000    0.09000    -0.25000   3.34000    -1.70001   4.50000    31.90002
G-C        0.00000    0.00000    0.00000    0.00000    0.00000    0.00000    0.05000    -0.22000   3.42000    -0.10001   3.60000    32.90001
G-C        0.00000    0.00000    0.00000    0.00000    0.00000    0.00000    0.05000    -0.22000   3.42000    -0.10001   3.60000    32.90001
T-A        0.00000    0.00000    0.00000    0.00000    0.00000    0.00000    -0.09000   0.53000    3.33000    -0.49999   4.70003    37.29996
T-A        0.00000    0.00000    0.00000    0.00000    0.00000    0.00000    0.03000    -0.08000   3.27000    1.40000    0.70001    35.10000
T-A        0.00000    0.00000    0.00000    0.00000    0.00000    0.00000    0.03000    -0.08000   3.27000    1.40000    0.69999    35.10001
T-A        0.00000    0.00000    0.00000    0.00000    0.00000    0.00000    0.03000    -0.08000   3.27000    1.40001    0.69998    35.10001
C-G        0.00000    0.00000    0.00000    0.00000    0.00000    0.00000    -0.09000   -0.25000   3.34000    1.70000    4.50002    31.90000
A-T        0.00000    0.00000    0.00000    0.00000    0.00000    0.00000    0.09000    0.53000    3.33000    0.50002    4.69996    37.30001
C-G        0.00000    0.00000    0.00000    0.00000    0.00000    0.00000    0.13000    -0.58000   3.36000    -0.10001   0.69998    31.49999
C-G        0.00000    0.00000    0.00000    0.00000    0.00000    0.00000    -0.05000   -0.22000   3.42000    0.10000    3.59997    32.90000
G-C        0.00000    0.00000    0.00000    0.00000    0.00000    0.00000    -0.00000   0.41000    3.39000    0.00000    5.40005    36.09996
A-T        0.00000    0.00000    0.00000    0.00000    0.00000    0.00000    -0.28000   0.09000    3.37000    -1.50002   1.90005    36.29999
T-A        0.00000    0.00000    0.00000    0.00000    0.00000    0.00000    -0.00000   -0.59000   3.31000    -0.00002   1.10001    29.29998
A-T        0.00000    0.00000    0.00000    0.00000    0.00000    0.00000    0.00000    0.05000    3.42000    0.00003    3.30010    37.79996
T-A        0.00000    0.00000    0.00000    0.00000    0.00000    0.00000    0.00000    -0.59000   3.31000    0.00001    1.10005    29.29997
C-G        0.00000    0.00000    0.00000    0.00000    0.00000    0.00000    -0.09000   -0.25000   3.34000    1.69998    4.50005    31.89996
A-T        0.00000    0.00000    0.00000    0.00000    0.00000    0.00000    0.09000    0.53000    3.33000    0.50000    4.70002    37.29999
C-G        0.00000    0.00000    0.00000    0.00000    0.00000    0.00000    0.13000    -0.58000   3.36000    -0.10001   0.70000    31.49998
C-G        0.00000    0.00000    0.00000    0.00000    0.00000    0.00000    -0.05000   -0.22000   3.42000    0.10000    3.59999    32.90000
G-C        0.00000    0.00000    0.00000    0.00000    0.00000    0.00000    0.00000    0.41000    3.39000    -0.00000   5.40003    36.09997
A-T        0.00000    0.00000    0.00000    0.00000    0.00000    0.00000    -0.28000   0.09000    3.37000    -1.50000   1.90003    36.29998
