337 # base pairs
  0 # ***local base-pair & step parameters***
#          Shear      Stretch    Stagger    Buckle     Prop-Tw    Opening    Shift      Slide      Rise       Tilt       Roll       Twist
A-T        0.00000    0.00000    0.00000    0.00000    0.00000    0.00000    0.00000    0.00000    0.00000    0.00000    0.00000    0.00000
A-T        0.00000    0.00000    0.00000    0.00000    0.00000    0.00000    -0.00000   0.00000    3.40000    0.00018    -0.00008   34.28571
A-T        0.00000    0.00000    0.00000    0.00000    0.00000    0.00000    -0.00000   0.00000    3.40000    0.00011    0.00000    34.28571
C-G        0.00000    0.00000    0.00000    0.00000    0.00000    0.00000    0.00000    0.00000    3.40000    0.00014    0.00000    34.28571
G-C        0.00000    0.00000    0.00000    0.00000    0.00000    0.00000    0.00000    0.00000    3.40000    0.00015    -0.00007   34.28571
C-G        0.00000    0.00000    0.00000    0.00000    0.00000    0.00000    0.00000    0.00000    3.40000    0.00008    -0.00013   34.28571
G-C        0.00000    0.00000    0.00000    0.00000    0.00000    0.00000    0.00000    -0.00000   3.40000    -0.00002   -0.00013   34.28572
C-G        0.00000    0.00000    0.00000    0.00000    0.00000    0.00000    0.00000    -0.00000   3.40000    -0.00009   -0.00006   34.28572
G-C        0.00000    0.00000    0.00000    0.00000    0.00000    0.00000    -0.00000   -0.00000   3.40000    -0.00009   0.00002    34.28572
A-T        0.00000    0.00000    0.00000    0.00000    0.00000    0.00000    -0.00000   -0.00000   3.40000    -0.00003   0.00007    34.28572
G-C        0.00000    0.00000    0.00000    0.00000    0.00000    0.00000    -0.00000   0.00000    3.40000    0.00003    0.00007    34.28572
G-C        0.00000    0.00000    0.00000    0.00000    0.00000    0.00000    0.00000    0.00000    3.40000    0.00007    0.00002    34.28572
C-G        0.00000    0.00000    0.00000    0.00000    0.00000    0.00000    0.00000    0.00000    3.40000    0.00007    -0.00003   34.28572
A-T        0.00000    0.00000    0.00000    0.00000    0.00000    0.00000    0.00000    -0.00000   3.40000    0.00003    -0.00006   34.28572
G-C        0.00000    0.00000    0.00000    0.00000    0.00000    0.00000    0.00000    -0.00000   3.40000    -0.00001   -0.00007   34.28572
C-G        0.00000    0.00000    0.00000    0.00000    0.00000    0.00000    0.00000    -0.00000   3.40000    -0.00004   -0.00005   34.28572
T-A        0.00000    0.00000    0.00000    0.00000    0.00000    0.00000    0.00000    0.00000    3.40000    -0.00005   -0.00003   34.28572
G-C        0.00000    0.00000    0.00000    0.00000    0.00000    0.00000    0.00000    -0.00000   3.40000    -0.00006   -0.00000   34.28572
T-A        0.00000    0.00000    0.00000    0.00000    0.00000    0.00000    0.00000    -0.00000   3.40000    -0.00005   0.00002    34.28572
A-T        0.00000    0.00000    0.00000    0.00000    0.00000    0.00000    0.00000    -0.00000   3.40000    -0.00004   0.00004    34.28572
T-A        0.00000    0.00000    0.00000    0.00000    0.00000    0.00000    0.00000    -0.00000   3.40000    -0.00002   0.00006    34.28572
G-C        0.00000    0.00000    0.00000    0.00000    0.00000    0.00000    0.00000    0.00000    3.40000    0.00001    0.00007    34.28572
G-C        0.00000    0.00000    0.00000    0.00000    0.00000    0.00000    0.00000    0.00000    3.40000    0.00005    0.00006    34.28572
C-G        0.00000    0.00000    0.00000    0.00000    0.00000    0.00000    0.00000    -0.00000   3.40000    0.00008    0.00002    34.28572
A-T        0.00000    0.00000    0.00000    0.00000    0.00000    0.00000    0.00000    -0.00000   3.40000    0.00009    -0.00003   34.28572
T-A        0.00000    0.00000    0.00000    0.00000    0.00000    0.00000    0.00000    -0.00000   3.40000    0.00006    -0.00008   34.28572
G-C        0.00000    0.00000    0.00000    0.00000    0.00000    0.00000    -0.00000   -0.00000   3.40000    0.00000    -0.00010   34.28571
A-T        0.00000    0.00000    0.00000    0.00000    0.00000    0.00000    -0.00000   -0.00000   3.40000    -0.00006   -0.00009   34.28571
A-T        0.00000    0.00000    0.00000    0.00000    0.00000    0.00000    -0.00000   0.00000    3.40000    -0.00010   -0.00004   34.28571
A-T        0.00000    0.00000    0.00000    0.00000    0.00000    0.00000    -0.00000   0.00000    3.40000    -0.00010   0.00003    34.28571
G-C        0.00000    0.00000    0.00000    0.00000    0.00000    0.00000    -0.00000   0.00000    3.40000    -0.00006   0.00008    34.28571
A-T        0.00000    0.00000    0.00000    0.00000    0.00000    0.00000    -0.00000   0.00000    3.40000    -0.00000   0.00010    34.28571
G-C        0.00000    0.00000    0.00000    0.00000    0.00000    0.00000    -0.00000   0.00000    3.40000    0.00006    0.00008    34.28571
T-A        0.00000    0.00000    0.00000    0.00000    0.00000    0.00000    0.00000    0.00000    3.40000    0.00009    0.00003    34.28570
T-A        0.00000    0.00000    0.00000    0.00000    0.00000    0.00000    0.00000    0.00000    3.40000    0.00008    -0.00003   34.28570
C-G        0.00000    0.00000    0.00000    0.00000    0.00000    0.00000    0.00000    -0.00000   3.40000    0.00004    -0.00007   34.28570
T-A        0.00000    0.00000    0.00000    0.00000    0.00000    0.00000    0.00000    -0.00000   3.40000    -0.00001   -0.00008   34.28570
T-A        0.00000    0.00000    0.00000    0.00000    0.00000    0.00000    -0.00000   -0.00000   3.40000    -0.00005   -0.00005   34.28570
C-G        0.00000    0.00000    0.00000    0.00000    0.00000    0.00000    -0.00000   -0.00000   3.40000    -0.00007   -0.00001   34.28570
C-G        0.00000    0.00000    0.00000    0.00000    0.00000    0.00000    -0.00000   0.00000    3.40000    -0.00005   0.00003    34.28570
C-G        0.00000    0.00000    0.00000    0.00000    0.00000    0.00000    -0.00000   0.00000    3.40000    -0.00001   0.00005    34.28570
G-C        0.00000    0.00000    0.00000    0.00000    0.00000    0.00000    -0.00000   0.00000    3.40000    0.00002    0.00005    34.28570
G-C        0.00000    0.00000    0.00000    0.00000    0.00000    0.00000    -0.00000   0.00000    3.40000    0.00005    0.00002    34.28570
A-T        0.00000    0.00000    0.00000    0.00000    0.00000    0.00000    -0.00000   0.00000    3.40000    0.00005    -0.00001   34.28570
A-T        0.00000    0.00000    0.00000    0.00000    0.00000    0.00000    -0.00000   0.00000    3.40000    0.00003    -0.00004   34.28570
A-T        0.00000    0.00000    0.00000    0.00000    0.00000    0.00000    -0.00000   0.00000    3.40000    0.00000    -0.00005   34.28570
A-T        0.00000    0.00000    0.00000    0.00000    0.00000    0.00000    0.00000    0.00000    3.40000    -0.00003   -0.00004   34.28570
C-G        0.00000    0.00000    0.00000    0.00000    0.00000    0.00000    0.00000    -0.00000   3.40000    -0.00004   -0.00001   34.28570
G-C        0.00000    0.00000    0.00000    0.00000    0.00000    0.00000    -0.00000   -0.00000   3.40000    -0.00004   0.00001    34.28570
C-G        0.00000    0.00000    0.00000    0.00000    0.00000    0.00000    -0.00000   -0.00000   3.40000    -0.00003   0.00003    34.28570
G-C        0.00000    0.00000    0.00000    0.00000    0.00000    0.00000    -0.00000   0.00000    3.40000    -0.00001   0.00004    34.28571
G-C        0.00000    0.00000    0.00000    0.00000    0.00000    0.00000    -0.00000   0.00000    3.40000    0.00002    0.00004    34.28571
T-A        0.00000    0.00000    0.00000    0.00000    0.00000    0.00000    0.00000    0.00000    3.40000    0.00003    0.00002    34.28571
G-C        0.00000    0.00000    0.00000    0.00000    0.00000    0.00000    0.00000    0.00000    3.40000    0.00004    0.00001    34.28571
G-C        0.00000    0.00000    0.00000    0.00000    0.00000    0.00000    0.00000    -0.00000   3.40000    0.00004    -0.00001   34.28571
A-T        0.00000    0.00000    0.00000    0.00000    0.00000    0.00000    0.00000    -0.00000   3.40000    0.00003    -0.00003   34.28571
A-T        0.00000    0.00000    0.00000    0.00000    0.00000    0.00000    0.00000    -0.00000   3.40000    0.00001    -0.00004   34.28571
T-A        0.00000    0.00000    0.00000    0.00000    0.00000    0.00000    -0.00000   -0.00000   3.40000    -0.00001   -0.00004   34.28571
A-T        0.00000    0.00000    0.00000    0.00000    0.00000    0.00000    -0.00000   -0.00000   3.40000    -0.00003   -0.00003   34.28571
T-A        0.00000    0.00000    0.00000    0.00000    0.00000    0.00000    -0.00000   0.00000    3.40000    -0.00004   -0.00002   34.28571
T-A        0.00000    0.00000    0.00000    0.00000    0.00000    0.00000    0.00000    0.00000    3.40000    -0.00005   0.00000    34.28571
T-A        0.00000    0.00000    0.00000    0.00000    0.00000    0.00000    0.00000    0.00000    3.40000    -0.00004   0.00003    34.28571
C-G        0.00000    0.00000    0.00000    0.00000    0.00000    0.00000    0.00000    -0.00000   3.40000    -0.00002   0.00005    34.28571
G-C        0.00000    0.00000    0.00000    0.00000    0.00000    0.00000    0.00000    -0.00000   3.40000    0.00000    0.00006    34.28571
T-A        0.00000    0.00000    0.00000    0.00000    0.00000    0.00000    0.00000    -0.00000   3.40000    0.00003    0.00005    34.28571
T-A        0.00000    0.00000    0.00000    0.00000    0.00000    0.00000    -0.00000   -0.00000   3.40000    0.00006    0.00003    34.28571
T-A        0.00000    0.00000    0.00000    0.00000    0.00000    0.00000    -0.00000   -0.00000   3.40000    0.00006    -0.00001   34.28571
C-G        0.00000    0.00000    0.00000    0.00000    0.00000    0.00000    -0.00000   0.00000    3.40000    0.00005    -0.00004   34.28571
C-G        0.00000    0.00000    0.00000    0.00000    0.00000    0.00000    -0.00000   0.00000    3.40000    0.00002    -0.00006   34.28571
T-A        0.00000    0.00000    0.00000    0.00000    0.00000    0.00000    0.00000    0.00000    3.40000    -0.00001   -0.00007   34.28571
A-T        0.00000    0.00000    0.00000    0.00000    0.00000    0.00000    0.00000    0.00000    3.40000    -0.00005   -0.00005   34.28571
C-G        0.00000    0.00000    0.00000    0.00000    0.00000    0.00000    0.00000    -0.00000   3.40000    -0.00007   -0.00001   34.28570
T-A        0.00000    0.00000    0.00000    0.00000    0.00000    0.00000    0.00000    -0.00000   3.40000    -0.00006   0.00002    34.28570
A-T        0.00000    0.00000    0.00000    0.00000    0.00000    0.00000    -0.00000   -0.00000   3.40000    -0.00004   0.00005    34.28570
C-G        0.00000    0.00000    0.00000    0.00000    0.00000    0.00000    -0.00000   0.00000    3.40000    -0.00000   0.00006    34.28570
G-C        0.00000    0.00000    0.00000    0.00000    0.00000    0.00000    -0.00000   0.00000    3.40000    0.00003    0.00005    34.28570
A-T        0.00000    0.00000    0.00000    0.00000    0.00000    0.00000    -0.00000   0.00000    3.40000    0.00005    0.00002    34.28570
C-G        0.00000    0.00000    0.00000    0.00000    0.00000    0.00000    0.00000    0.00000    3.40000    0.00005    -0.00001   34.28570
T-A        0.00000    0.00000    0.00000    0.00000    0.00000    0.00000    0.00000    0.00000    3.40000    0.00003    -0.00003   34.28570
A-T        0.00000    0.00000    0.00000    0.00000    0.00000    0.00000    0.00000    -0.00000   3.40000    0.00000    -0.00004   34.28569
C-G        0.00000    0.00000    0.00000    0.00000    0.00000    0.00000    0.00000    -0.00000   3.40000    -0.00002   -0.00003   34.28569
T-A        0.00000    0.00000    0.00000    0.00000    0.00000    0.00000    -0.00000   -0.00000   3.40000    -0.00003   -0.00001   34.28569
A-T        0.00000    0.00000    0.00000    0.00000    0.00000    0.00000    -0.00000   -0.00000   3.40000    -0.00003   0.00001    34.28569
T-A        0.00000    0.00000    0.00000    0.00000    0.00000    0.00000    -0.00000   -0.00000   3.40000    -0.00002   0.00003    34.28569
C-G        0.00000    0.00000    0.00000    0.00000    0.00000    0.00000    -0.00000   0.00000    3.40000    -0.00000   0.00003    34.28569
A-T        0.00000    0.00000    0.00000    0.00000    0.00000    0.00000    -0.00000   0.00000    3.40000    0.00002    0.00003    34.28569
G-C        0.00000    0.00000    0.00000    0.00000    0.00000    0.00000    0.00000    0.00000    3.40000    0.00003    0.00002    34.28569
C-G        0.00000    0.00000    0.00000    0.00000    0.00000    0.00000    0.00000    0.00000    3.40000    0.00004    -0.00000   34.28569
C-G        0.00000    0.00000    0.00000    0.00000    0.00000    0.00000    0.00000    0.00000    3.40000    0.00003    -0.00003   34.28569
G-C        0.00000    0.00000    0.00000    0.00000    0.00000    0.00000    0.00000    -0.00000   3.40000    0.00001    -0.00005   34.28569
G-C        0.00000    0.00000    0.00000    0.00000    0.00000    0.00000    0.00000    -0.00000   3.40000    -0.00002   -0.00005   34.28569
A-T        0.00000    0.00000    0.00000    0.00000    0.00000    0.00000    -0.00000   -0.00000   3.40000    -0.00005   -0.00003   34.28569
A-T        0.00000    0.00000    0.00000    0.00000    0.00000    0.00000    -0.00000   -0.00000   3.40000    -0.00006   -0.00000   34.28569
G-C        0.00000    0.00000    0.00000    0.00000    0.00000    0.00000    -0.00000   0.00000    3.40000    -0.00006   0.00004    34.28569
C-G        0.00000    0.00000    0.00000    0.00000    0.00000    0.00000    -0.00000   0.00000    3.40000    -0.00003   0.00007    34.28569
C-G        0.00000    0.00000    0.00000    0.00000    0.00000    0.00000    0.00000    0.00000    3.40000    0.00002    0.00007    34.28569
T-A        0.00000    0.00000    0.00000    0.00000    0.00000    0.00000    0.00000    0.00000    3.40000    0.00006    0.00005    34.28569
A-T        0.00000    0.00000    0.00000    0.00000    0.00000    0.00000    0.00000    -0.00000   3.40000    0.00008    0.00000    34.28569
T-A        0.00000    0.00000    0.00000    0.00000    0.00000    0.00000    0.00000    -0.00000   3.40000    0.00007    -0.00004   34.28569
G-C        0.00000    0.00000    0.00000    0.00000    0.00000    0.00000    0.00000    -0.00000   3.40000    0.00003    -0.00007   34.28569
T-A        0.00000    0.00000    0.00000    0.00000    0.00000    0.00000    -0.00000   -0.00000   3.40000    -0.00002   -0.00007   34.28569
A-T        0.00000    0.00000    0.00000    0.00000    0.00000    0.00000    -0.00000   -0.00000   3.40000    -0.00005   -0.00004   34.28569
C-G        0.00000    0.00000    0.00000    0.00000    0.00000    0.00000    -0.00000   0.00000    3.40000    -0.00006   -0.00000   34.28569
C-G        0.00000    0.00000    0.00000    0.00000    0.00000    0.00000    -0.00000   0.00000    3.40000    -0.00005   0.00004    34.28569
G-C        0.00000    0.00000    0.00000    0.00000    0.00000    0.00000    0.00000    0.00000    3.40000    -0.00001   0.00005    34.28569
A-T        0.00000    0.00000    0.00000    0.00000    0.00000    0.00000    0.00000    0.00000    3.40000    0.00002    0.00004    34.28570
G-C        0.00000    0.00000    0.00000    0.00000    0.00000    0.00000    0.00000    -0.00000   3.40000    0.00004    0.00001    34.28570
T-A        0.00000    0.00000    0.00000    0.00000    0.00000    0.00000    0.00000    -0.00000   3.40000    0.00003    -0.00001   34.28570
T-A        0.00000    0.00000    0.00000    0.00000    0.00000    0.00000    -0.00000   -0.00000   3.40000    0.00001    -0.00003   34.28570
C-G        0.00000    0.00000    0.00000    0.00000    0.00000    0.00000    -0.00000   -0.00000   3.40000    -0.00001   -0.00003   34.28570
C-G        0.00000    0.00000    0.00000    0.00000    0.00000    0.00000    -0.00000   -0.00000   3.40000    -0.00002   -0.00001   34.28570
G-C        0.00000    0.00000    0.00000    0.00000    0.00000    0.00000    -0.00000   0.00000    3.40000    -0.00002   0.00001    34.28570
A-T        0.00000    0.00000    0.00000    0.00000    0.00000    0.00000    -0.00000   0.00000    3.40000    -0.00002   0.00002    34.28570
C-G        0.00000    0.00000    0.00000    0.00000    0.00000    0.00000    -0.00000   0.00000    3.40000    -0.00000   0.00002    34.28570
A-T        0.00000    0.00000    0.00000    0.00000    0.00000    0.00000    0.00000    0.00000    3.40000    0.00001    0.00002    34.28570
C-G        0.00000    0.00000    0.00000    0.00000    0.00000    0.00000    0.00000    0.00000    3.40000    0.00001    0.00001    34.28570
T-A        0.00000    0.00000    0.00000    0.00000    0.00000    0.00000    0.00000    0.00000    3.40000    0.00002    0.00001    34.28570
T-A        0.00000    0.00000    0.00000    0.00000    0.00000    0.00000    -0.00000   0.00000    3.40000    0.00002    0.00000    34.28570
T-A        0.00000    0.00000    0.00000    0.00000    0.00000    0.00000    -0.00000   0.00000    3.40000    0.00003    -0.00001   34.28570
C-G        0.00000    0.00000    0.00000    0.00000    0.00000    0.00000    0.00000    0.00000    3.40000    0.00002    -0.00002   34.28570
A-T        0.00000    0.00000    0.00000    0.00000    0.00000    0.00000    0.00000    0.00000    3.40000    0.00001    -0.00004   34.28570
T-A        0.00000    0.00000    0.00000    0.00000    0.00000    0.00000    0.00000    0.00000    3.40000    -0.00001   -0.00005   34.28569
T-A        0.00000    0.00000    0.00000    0.00000    0.00000    0.00000    0.00000    -0.00000   3.40000    -0.00003   -0.00004   34.28569
G-C        0.00000    0.00000    0.00000    0.00000    0.00000    0.00000    0.00000    -0.00000   3.40000    -0.00006   -0.00002   34.28569
A-T        0.00000    0.00000    0.00000    0.00000    0.00000    0.00000    0.00000    -0.00000   3.40000    -0.00006   0.00002    34.28569
G-C        0.00000    0.00000    0.00000    0.00000    0.00000    0.00000    -0.00000   -0.00000   3.40000    -0.00005   0.00005    34.28569
A-T        0.00000    0.00000    0.00000    0.00000    0.00000    0.00000    -0.00000   -0.00000   3.40000    -0.00001   0.00007    34.28569
A-T        0.00000    0.00000    0.00000    0.00000    0.00000    0.00000    -0.00000   -0.00000   3.40000    0.00003    0.00007    34.28569
A-T        0.00000    0.00000    0.00000    0.00000    0.00000    0.00000    -0.00000   0.00000    3.40000    0.00006    0.00004    34.28569
G-C        0.00000    0.00000    0.00000    0.00000    0.00000    0.00000    -0.00000   0.00000    3.40000    0.00007    -0.00000   34.28569
A-T        0.00000    0.00000    0.00000    0.00000    0.00000    0.00000    -0.00000   0.00000    3.40000    0.00006    -0.00004   34.28569
T-A        0.00000    0.00000    0.00000    0.00000    0.00000    0.00000    0.00000    0.00000    3.40000    0.00002    -0.00007   34.28569
G-C        0.00000    0.00000    0.00000    0.00000    0.00000    0.00000    0.00000    0.00000    3.40000    -0.00002   -0.00006   34.28569
C-G        0.00000    0.00000    0.00000    0.00000    0.00000    0.00000    0.00000    0.00000    3.40000    -0.00005   -0.00004   34.28569
C-G        0.00000    0.00000    0.00000    0.00000    0.00000    0.00000    0.00000    0.00000    3.40000    -0.00006   -0.00001   34.28569
T-A        0.00000    0.00000    0.00000    0.00000    0.00000    0.00000    0.00000    -0.00000   3.40000    -0.00005   0.00002    34.28569
C-G        0.00000    0.00000    0.00000    0.00000    0.00000    0.00000    0.00000    -0.00000   3.40000    -0.00003   0.00004    34.28569
A-T        0.00000    0.00000    0.00000    0.00000    0.00000    0.00000    0.00000    -0.00000   3.40000    -0.00000   0.00005    34.28569
G-C        0.00000    0.00000    0.00000    0.00000    0.00000    0.00000    -0.00000   -0.00000   3.40000    0.00002    0.00004    34.28569
C-G        0.00000    0.00000    0.00000    0.00000    0.00000    0.00000    -0.00000   -0.00000   3.40000    0.00004    0.00002    34.28569
T-A        0.00000    0.00000    0.00000    0.00000    0.00000    0.00000    -0.00000   0.00000    3.40000    0.00005    -0.00000   34.28569
C-G        0.00000    0.00000    0.00000    0.00000    0.00000    0.00000    -0.00000   0.00000    3.40000    0.00004    -0.00003   34.28569
T-A        0.00000    0.00000    0.00000    0.00000    0.00000    0.00000    0.00000    0.00000    3.40000    0.00002    -0.00005   34.28569
G-C        0.00000    0.00000    0.00000    0.00000    0.00000    0.00000    0.00000    0.00000    3.40000    -0.00001   -0.00006   34.28569
T-A        0.00000    0.00000    0.00000    0.00000    0.00000    0.00000    0.00000    -0.00000   3.40000    -0.00005   -0.00004   34.28569
T-A        0.00000    0.00000    0.00000    0.00000    0.00000    0.00000    0.00000    -0.00000   3.40000    -0.00007   -0.00001   34.28569
A-T        0.00000    0.00000    0.00000    0.00000    0.00000    0.00000    0.00000    -0.00000   3.40000    -0.00007   0.00004    34.28569
C-G        0.00000    0.00000    0.00000    0.00000    0.00000    0.00000    -0.00000   -0.00000   3.40000    -0.00004   0.00008    34.28570
A-T        0.00000    0.00000    0.00000    0.00000    0.00000    0.00000    -0.00000   -0.00000   3.40000    0.00001    0.00009    34.28570
G-C        0.00000    0.00000    0.00000    0.00000    0.00000    0.00000    -0.00000   0.00000    3.40000    0.00007    0.00007    34.28570
G-C        0.00000    0.00000    0.00000    0.00000    0.00000    0.00000    -0.00000   0.00000    3.40000    0.00011    0.00002    34.28570
T-A        0.00000    0.00000    0.00000    0.00000    0.00000    0.00000    -0.00000   0.00000    3.40000    0.00010    -0.00005   34.28570
C-G        0.00000    0.00000    0.00000    0.00000    0.00000    0.00000    0.00000    0.00000    3.40000    0.00006    -0.00011   34.28570
A-T        0.00000    0.00000    0.00000    0.00000    0.00000    0.00000    0.00000    0.00000    3.40000    -0.00001   -0.00013   34.28570
C-G        0.00000    0.00000    0.00000    0.00000    0.00000    0.00000    0.00000    -0.00000   3.40000    -0.00009   -0.00010   34.28570
T-A        0.00000    0.00000    0.00000    0.00000    0.00000    0.00000    0.00000    -0.00000   3.40000    -0.00013   -0.00004   34.28570
A-T        0.00000    0.00000    0.00000    0.00000    0.00000    0.00000    0.00000    -0.00000   3.40000    -0.00014   0.00005    34.28570
A-T        0.00000    0.00000    0.00000    0.00000    0.00000    0.00000    -0.00000   -0.00000   3.40000    -0.00009   0.00012    34.28570
T-A        0.00000    0.00000    0.00000    0.00000    0.00000    0.00000    -0.00000   -0.00000   3.40000    -0.00001   0.00015    34.28570
A-T        0.00000    0.00000    0.00000    0.00000    0.00000    0.00000    -0.00000   0.00000    3.40000    0.00008    0.00013    34.28570
C-G        0.00000    0.00000    0.00000    0.00000    0.00000    0.00000    -0.00000   0.00000    3.40000    0.00014    0.00006    34.28570
C-G        0.00000    0.00000    0.00000    0.00000    0.00000    0.00000    0.00000    0.00000    3.40000    0.00015    -0.00003   34.28570
A-T        0.00000    0.00000    0.00000    0.00000    0.00000    0.00000    0.00000    -0.00000   3.40000    0.00011    -0.00011   34.28570
T-A        0.00000    0.00000    0.00000    0.00000    0.00000    0.00000    0.00000    -0.00000   3.40000    0.00003    -0.00015   34.28570
C-G        0.00000    0.00000    0.00000    0.00000    0.00000    0.00000    -0.00000   -0.00000   3.40000    -0.00006   -0.00014   34.28570
T-A        0.00000    0.00000    0.00000    0.00000    0.00000    0.00000    -0.00000   -0.00000   3.40000    -0.00012   -0.00008   34.28570
A-T        0.00000    0.00000    0.00000    0.00000    0.00000    0.00000    -0.00000   -0.00000   3.40000    -0.00015   0.00001    34.28570
A-T        0.00000    0.00000    0.00000    0.00000    0.00000    0.00000    -0.00000   -0.00000   3.40000    -0.00011   0.00009    34.28570
G-C        0.00000    0.00000    0.00000    0.00000    0.00000    0.00000    -0.00000   -0.00000   3.40000    -0.00004   0.00013    34.28570
T-A        0.00000    0.00000    0.00000    0.00000    0.00000    0.00000    -0.00000   -0.00000   3.40000    0.00004    0.00013    34.28570
A-T        0.00000    0.00000    0.00000    0.00000    0.00000    0.00000    -0.00000   0.00000    3.40000    0.00010    0.00008    34.28570
G-C        0.00000    0.00000    0.00000    0.00000    0.00000    0.00000    -0.00000   0.00000    3.40000    0.00013    0.00001    34.28570
T-A        0.00000    0.00000    0.00000    0.00000    0.00000    0.00000    -0.00000   0.00000    3.40000    0.00011    -0.00007   34.28570
T-A        0.00000    0.00000    0.00000    0.00000    0.00000    0.00000    0.00000    0.00000    3.40000    0.00005    -0.00012   34.28570
G-C        0.00000    0.00000    0.00000    0.00000    0.00000    0.00000    0.00000    0.00000    3.40000    -0.00003   -0.00012   34.28570
A-T        0.00000    0.00000    0.00000    0.00000    0.00000    0.00000    0.00000    0.00000    3.40000    -0.00009   -0.00008   34.28570
T-A        0.00000    0.00000    0.00000    0.00000    0.00000    0.00000    0.00000    0.00000    3.40000    -0.00012   -0.00001   34.28570
T-A        0.00000    0.00000    0.00000    0.00000    0.00000    0.00000    0.00000    -0.00000   3.40000    -0.00010   0.00006    34.28570
C-G        0.00000    0.00000    0.00000    0.00000    0.00000    0.00000    0.00000    -0.00000   3.40000    -0.00005   0.00010    34.28570
A-T        0.00000    0.00000    0.00000    0.00000    0.00000    0.00000    0.00000    -0.00000   3.40000    0.00002    0.00011    34.28570
T-A        0.00000    0.00000    0.00000    0.00000    0.00000    0.00000    -0.00000   -0.00000   3.40000    0.00008    0.00008    34.28570
A-T        0.00000    0.00000    0.00000    0.00000    0.00000    0.00000    -0.00000   -0.00000   3.40000    0.00011    0.00001    34.28570
G-C        0.00000    0.00000    0.00000    0.00000    0.00000    0.00000    -0.00000   -0.00000   3.40000    0.00010    -0.00005   34.28570
T-A        0.00000    0.00000    0.00000    0.00000    0.00000    0.00000    -0.00000   0.00000    3.40000    0.00005    -0.00010   34.28570
G-C        0.00000    0.00000    0.00000    0.00000    0.00000    0.00000    -0.00000   0.00000    3.40000    -0.00001   -0.00011   34.28570
A-T        0.00000    0.00000    0.00000    0.00000    0.00000    0.00000    0.00000    0.00000    3.40000    -0.00007   -0.00008   34.28570
C-G        0.00000    0.00000    0.00000    0.00000    0.00000    0.00000    0.00000    0.00000    3.40000    -0.00011   -0.00002   34.28570
T-A        0.00000    0.00000    0.00000    0.00000    0.00000    0.00000    0.00000    -0.00000   3.40000    -0.00010   0.00004    34.28570
G-C        0.00000    0.00000    0.00000    0.00000    0.00000    0.00000    0.00000    -0.00000   3.40000    -0.00006   0.00009    34.28570
C-G        0.00000    0.00000    0.00000    0.00000    0.00000    0.00000    -0.00000   -0.00000   3.40000    0.00000    0.00011    34.28570
A-T        0.00000    0.00000    0.00000    0.00000    0.00000    0.00000    -0.00000   -0.00000   3.40000    0.00007    0.00009    34.28570
T-A        0.00000    0.00000    0.00000    0.00000    0.00000    0.00000    -0.00000   0.00000    3.40000    0.00010    0.00004    34.28570
A-T        0.00000    0.00000    0.00000    0.00000    0.00000    0.00000    -0.00000   0.00000    3.40000    0.00011    -0.00003   34.28570
T-A        0.00000    0.00000    0.00000    0.00000    0.00000    0.00000    -0.00000   0.00000    3.40000    0.00007    -0.00009   34.28570
G-C        0.00000    0.00000    0.00000    0.00000    0.00000    0.00000    0.00000    0.00000    3.40000    0.00001    -0.00011   34.28570
T-A        0.00000    0.00000    0.00000    0.00000    0.00000    0.00000    0.00000    0.00000    3.40000    -0.00006   -0.00009   34.28570
T-A        0.00000    0.00000    0.00000    0.00000    0.00000    0.00000    0.00000    -0.00000   3.40000    -0.00010   -0.00005   34.28570
G-C        0.00000    0.00000    0.00000    0.00000    0.00000    0.00000    0.00000    -0.00000   3.40000    -0.00011   0.00002    34.28570
T-A        0.00000    0.00000    0.00000    0.00000    0.00000    0.00000    0.00000    -0.00000   3.40000    -0.00008   0.00008    34.28570
G-C        0.00000    0.00000    0.00000    0.00000    0.00000    0.00000    -0.00000   -0.00000   3.40000    -0.00002   0.00010    34.28570
T-A        0.00000    0.00000    0.00000    0.00000    0.00000    0.00000    -0.00000   -0.00000   3.40000    0.00004    0.00010    34.28570
T-A        0.00000    0.00000    0.00000    0.00000    0.00000    0.00000    -0.00000   -0.00000   3.40000    0.00009    0.00006    34.28570
T-A        0.00000    0.00000    0.00000    0.00000    0.00000    0.00000    -0.00000   -0.00000   3.40000    0.00010    -0.00000   34.28570
T-A        0.00000    0.00000    0.00000    0.00000    0.00000    0.00000    -0.00000   -0.00000   3.40000    0.00009    -0.00006   34.28570
A-T        0.00000    0.00000    0.00000    0.00000    0.00000    0.00000    -0.00000   0.00000    3.40000    0.00004    -0.00009   34.28570
C-G        0.00000    0.00000    0.00000    0.00000    0.00000    0.00000    -0.00000   0.00000    3.40000    -0.00002   -0.00010   34.28570
A-T        0.00000    0.00000    0.00000    0.00000    0.00000    0.00000    -0.00000   0.00000    3.40000    -0.00007   -0.00008   34.28570
G-C        0.00000    0.00000    0.00000    0.00000    0.00000    0.00000    0.00000    0.00000    3.40000    -0.00010   -0.00003   34.28570
T-A        0.00000    0.00000    0.00000    0.00000    0.00000    0.00000    0.00000    0.00000    3.40000    -0.00010   0.00003    34.28570
A-T        0.00000    0.00000    0.00000    0.00000    0.00000    0.00000    0.00000    0.00000    3.40000    -0.00007   0.00008    34.28570
T-A        0.00000    0.00000    0.00000    0.00000    0.00000    0.00000    0.00000    -0.00000   3.40000    -0.00002   0.00011    34.28570
T-A        0.00000    0.00000    0.00000    0.00000    0.00000    0.00000    0.00000    -0.00000   3.40000    0.00004    0.00010    34.28570
A-T        0.00000    0.00000    0.00000    0.00000    0.00000    0.00000    -0.00000   -0.00000   3.40000    0.00009    0.00007    34.28570
T-A        0.00000    0.00000    0.00000    0.00000    0.00000    0.00000    -0.00000   -0.00000   3.40000    0.00012    0.00001    34.28570
G-C        0.00000    0.00000    0.00000    0.00000    0.00000    0.00000    -0.00000   -0.00000   3.40000    0.00010    -0.00006   34.28570
T-A        0.00000    0.00000    0.00000    0.00000    0.00000    0.00000    -0.00000   0.00000    3.40000    0.00006    -0.00011   34.28570
A-T        0.00000    0.00000    0.00000    0.00000    0.00000    0.00000    -0.00000   0.00000    3.40000    -0.00001   -0.00013   34.28570
G-C        0.00000    0.00000    0.00000    0.00000    0.00000    0.00000    -0.00000   0.00000    3.40000    -0.00008   -0.00010   34.28570
T-A        0.00000    0.00000    0.00000    0.00000    0.00000    0.00000    0.00000    0.00000    3.40000    -0.00013   -0.00004   34.28570
C-G        0.00000    0.00000    0.00000    0.00000    0.00000    0.00000    0.00000    0.00000    3.40000    -0.00013   0.00003    34.28570
T-A        0.00000    0.00000    0.00000    0.00000    0.00000    0.00000    0.00000    -0.00000   3.40000    -0.00009   0.00010    34.28570
G-C        0.00000    0.00000    0.00000    0.00000    0.00000    0.00000    -0.00000   -0.00000   3.40000    -0.00002   0.00014    34.28570
T-A        0.00000    0.00000    0.00000    0.00000    0.00000    0.00000    -0.00000   -0.00000   3.40000    0.00006    0.00013    34.28570
T-A        0.00000    0.00000    0.00000    0.00000    0.00000    0.00000    -0.00000   0.00000    3.40000    0.00012    0.00007    34.28570
T-A        0.00000    0.00000    0.00000    0.00000    0.00000    0.00000    -0.00000   0.00000    3.40000    0.00014    -0.00001   34.28570
T-A        0.00000    0.00000    0.00000    0.00000    0.00000    0.00000    -0.00000   0.00000    3.40000    0.00011    -0.00008   34.28570
T-A        0.00000    0.00000    0.00000    0.00000    0.00000    0.00000    0.00000    0.00000    3.40000    0.00005    -0.00013   34.28570
T-A        0.00000    0.00000    0.00000    0.00000    0.00000    0.00000    0.00000    0.00000    3.40000    -0.00004   -0.00013   34.28570
A-T        0.00000    0.00000    0.00000    0.00000    0.00000    0.00000    0.00000    0.00000    3.40000    -0.00010   -0.00009   34.28570
T-A        0.00000    0.00000    0.00000    0.00000    0.00000    0.00000    0.00000    -0.00000   3.40000    -0.00013   -0.00002   34.28570
G-C        0.00000    0.00000    0.00000    0.00000    0.00000    0.00000    0.00000    -0.00000   3.40000    -0.00012   0.00006    34.28570
C-G        0.00000    0.00000    0.00000    0.00000    0.00000    0.00000    0.00000    -0.00000   3.40000    -0.00006   0.00011    34.28570
A-T        0.00000    0.00000    0.00000    0.00000    0.00000    0.00000    -0.00000   -0.00000   3.40000    0.00001    0.00012    34.28570
A-T        0.00000    0.00000    0.00000    0.00000    0.00000    0.00000    -0.00000   -0.00000   3.40000    0.00007    0.00010    34.28570
A-T        0.00000    0.00000    0.00000    0.00000    0.00000    0.00000    -0.00000   0.00000    3.40000    0.00011    0.00004    34.28570
A-T        0.00000    0.00000    0.00000    0.00000    0.00000    0.00000    -0.00000   0.00000    3.40000    0.00011    -0.00003   34.28570
T-A        0.00000    0.00000    0.00000    0.00000    0.00000    0.00000    -0.00000   0.00000    3.40000    0.00008    -0.00009   34.28570
C-G        0.00000    0.00000    0.00000    0.00000    0.00000    0.00000    0.00000    0.00000    3.40000    0.00002    -0.00011   34.28570
T-A        0.00000    0.00000    0.00000    0.00000    0.00000    0.00000    0.00000    0.00000    3.40000    -0.00005   -0.00010   34.28570
A-T        0.00000    0.00000    0.00000    0.00000    0.00000    0.00000    0.00000    0.00000    3.40000    -0.00009   -0.00005   34.28570
A-T        0.00000    0.00000    0.00000    0.00000    0.00000    0.00000    0.00000    -0.00000   3.40000    -0.00011   0.00001    34.28570
T-A        0.00000    0.00000    0.00000    0.00000    0.00000    0.00000    0.00000    -0.00000   3.40000    -0.00008   0.00006    34.28570
T-A        0.00000    0.00000    0.00000    0.00000    0.00000    0.00000    -0.00000   -0.00000   3.40000    -0.00003   0.00010    34.28570
T-A        0.00000    0.00000    0.00000    0.00000    0.00000    0.00000    -0.00000   0.00000    3.40000    0.00003    0.00010    34.28570
A-T        0.00000    0.00000    0.00000    0.00000    0.00000    0.00000    0.00000    0.00000    3.40000    0.00008    0.00006    34.28570
A-T        0.00000    0.00000    0.00000    0.00000    0.00000    0.00000    0.00000    0.00000    3.40000    0.00010    0.00001    34.28570
T-A        0.00000    0.00000    0.00000    0.00000    0.00000    0.00000    0.00000    -0.00000   3.40000    0.00008    -0.00005   34.28570
A-T        0.00000    0.00000    0.00000    0.00000    0.00000    0.00000    0.00000    -0.00000   3.40000    0.00004    -0.00009   34.28570
T-A        0.00000    0.00000    0.00000    0.00000    0.00000    0.00000    0.00000    -0.00000   3.40000    -0.00002   -0.00009   34.28570
A-T        0.00000    0.00000    0.00000    0.00000    0.00000    0.00000    -0.00000   -0.00000   3.40000    -0.00007   -0.00006   34.28570
T-A        0.00000    0.00000    0.00000    0.00000    0.00000    0.00000    -0.00000   -0.00000   3.40000    -0.00009   -0.00001   34.28570
T-A        0.00000    0.00000    0.00000    0.00000    0.00000    0.00000    -0.00000   0.00000    3.40000    -0.00008   0.00004    34.28570
G-C        0.00000    0.00000    0.00000    0.00000    0.00000    0.00000    -0.00000   0.00000    3.40000    -0.00004   0.00008    34.28570
A-T        0.00000    0.00000    0.00000    0.00000    0.00000    0.00000    -0.00000   0.00000    3.40000    0.00002    0.00008    34.28570
T-A        0.00000    0.00000    0.00000    0.00000    0.00000    0.00000    0.00000    0.00000    3.40000    0.00006    0.00005    34.28570
A-T        0.00000    0.00000    0.00000    0.00000    0.00000    0.00000    0.00000    0.00000    3.40000    0.00008    0.00001    34.28570
T-A        0.00000    0.00000    0.00000    0.00000    0.00000    0.00000    0.00000    -0.00000   3.40000    0.00006    -0.00004   34.28570
T-A        0.00000    0.00000    0.00000    0.00000    0.00000    0.00000    0.00000    -0.00000   3.40000    0.00003    -0.00007   34.28570
T-A        0.00000    0.00000    0.00000    0.00000    0.00000    0.00000    0.00000    -0.00000   3.40000    -0.00002   -0.00007   34.28570
A-T        0.00000    0.00000    0.00000    0.00000    0.00000    0.00000    -0.00000   -0.00000   3.40000    -0.00005   -0.00004   34.28570
T-A        0.00000    0.00000    0.00000    0.00000    0.00000    0.00000    -0.00000   -0.00000   3.40000    -0.00006   -0.00000   34.28570
A-T        0.00000    0.00000    0.00000    0.00000    0.00000    0.00000    -0.00000   0.00000    3.40000    -0.00005   0.00004    34.28570
T-A        0.00000    0.00000    0.00000    0.00000    0.00000    0.00000    -0.00000   0.00000    3.40000    -0.00002   0.00006    34.28570
C-G        0.00000    0.00000    0.00000    0.00000    0.00000    0.00000    0.00000    0.00000    3.40000    0.00002    0.00005    34.28570
A-T        0.00000    0.00000    0.00000    0.00000    0.00000    0.00000    0.00000    0.00000    3.40000    0.00005    0.00003    34.28570
T-A        0.00000    0.00000    0.00000    0.00000    0.00000    0.00000    0.00000    -0.00000   3.40000    0.00005    -0.00000   34.28570
T-A        0.00000    0.00000    0.00000    0.00000    0.00000    0.00000    0.00000    -0.00000   3.40000    0.00004    -0.00003   34.28570
T-A        0.00000    0.00000    0.00000    0.00000    0.00000    0.00000    -0.00000   -0.00000   3.40000    0.00001    -0.00005   34.28570
T-A        0.00000    0.00000    0.00000    0.00000    0.00000    0.00000    -0.00000   -0.00000   3.40000    -0.00002   -0.00004   34.28570
A-T        0.00000    0.00000    0.00000    0.00000    0.00000    0.00000    -0.00000   0.00000    3.40000    -0.00004   -0.00003   34.28570
C-G        0.00000    0.00000    0.00000    0.00000    0.00000    0.00000    -0.00000   0.00000    3.40000    -0.00004   0.00000    34.28570
G-C        0.00000    0.00000    0.00000    0.00000    0.00000    0.00000    0.00000    0.00000    3.40000    -0.00003   0.00003    34.28570
T-A        0.00000    0.00000    0.00000    0.00000    0.00000    0.00000    0.00000    0.00000    3.40000    -0.00001   0.00004    34.28570
T-A        0.00000    0.00000    0.00000    0.00000    0.00000    0.00000    0.00000    0.00000    3.40000    0.00001    0.00004    34.28570
T-A        0.00000    0.00000    0.00000    0.00000    0.00000    0.00000    0.00000    -0.00000   3.40000    0.00003    0.00002    34.28570
C-G        0.00000    0.00000    0.00000    0.00000    0.00000    0.00000    0.00000    -0.00000   3.40000    0.00004    0.00000    34.28570
T-A        0.00000    0.00000    0.00000    0.00000    0.00000    0.00000    -0.00000   -0.00000   3.40000    0.00003    -0.00001   34.28570
C-G        0.00000    0.00000    0.00000    0.00000    0.00000    0.00000    -0.00000   -0.00000   3.40000    0.00002    -0.00003   34.28570
G-C        0.00000    0.00000    0.00000    0.00000    0.00000    0.00000    -0.00000   0.00000    3.40000    -0.00000   -0.00003   34.28570
T-A        0.00000    0.00000    0.00000    0.00000    0.00000    0.00000    -0.00000   0.00000    3.40000    -0.00002   -0.00002   34.28570
T-A        0.00000    0.00000    0.00000    0.00000    0.00000    0.00000    -0.00000   0.00000    3.40000    -0.00003   -0.00001   34.28570
C-G        0.00000    0.00000    0.00000    0.00000    0.00000    0.00000    0.00000    0.00000    3.40000    -0.00003   0.00000    34.28570
A-T        0.00000    0.00000    0.00000    0.00000    0.00000    0.00000    0.00000    0.00000    3.40000    -0.00002   0.00002    34.28570
G-C        0.00000    0.00000    0.00000    0.00000    0.00000    0.00000    0.00000    -0.00000   3.40000    -0.00001   0.00002    34.28570
C-G        0.00000    0.00000    0.00000    0.00000    0.00000    0.00000    0.00000    -0.00000   3.40000    0.00000    0.00002    34.28570
T-A        0.00000    0.00000    0.00000    0.00000    0.00000    0.00000    0.00000    -0.00000   3.40000    0.00001    0.00002    34.28570
T-A        0.00000    0.00000    0.00000    0.00000    0.00000    0.00000    -0.00000   -0.00000   3.40000    0.00002    0.00001    34.28570
T-A        0.00000    0.00000    0.00000    0.00000    0.00000    0.00000    -0.00000   -0.00000   3.40000    0.00002    -0.00001   34.28570
T-A        0.00000    0.00000    0.00000    0.00000    0.00000    0.00000    -0.00000   -0.00000   3.40000    0.00001    -0.00001   34.28570
T-A        0.00000    0.00000    0.00000    0.00000    0.00000    0.00000    0.00000    -0.00000   3.40000    0.00000    -0.00002   34.28570
T-A        0.00000    0.00000    0.00000    0.00000    0.00000    0.00000    -0.00000   -0.00000   3.40000    -0.00001   -0.00002   34.28570
A-T        0.00000    0.00000    0.00000    0.00000    0.00000    0.00000    -0.00000   -0.00000   3.40000    -0.00002   -0.00001   34.28570
T-A        0.00000    0.00000    0.00000    0.00000    0.00000    0.00000    -0.00000   -0.00000   3.40000    -0.00002   -0.00000   34.28570
A-T        0.00000    0.00000    0.00000    0.00000    0.00000    0.00000    -0.00000   0.00000    3.40000    -0.00002   0.00001    34.28570
C-G        0.00000    0.00000    0.00000    0.00000    0.00000    0.00000    -0.00000   0.00000    3.40000    -0.00001   0.00002    34.28570
T-A        0.00000    0.00000    0.00000    0.00000    0.00000    0.00000    -0.00000   0.00000    3.40000    -0.00000   0.00002    34.28570
A-T        0.00000    0.00000    0.00000    0.00000    0.00000    0.00000    0.00000    0.00000    3.40000    0.00001    0.00002    34.28570
A-T        0.00000    0.00000    0.00000    0.00000    0.00000    0.00000    0.00000    0.00000    3.40000    0.00002    0.00002    34.28570
C-G        0.00000    0.00000    0.00000    0.00000    0.00000    0.00000    0.00000    -0.00000   3.40000    0.00003    0.00000    34.28570
T-A        0.00000    0.00000    0.00000    0.00000    0.00000    0.00000    0.00000    -0.00000   3.40000    0.00003    -0.00001   34.28570
T-A        0.00000    0.00000    0.00000    0.00000    0.00000    0.00000    -0.00000   -0.00000   3.40000    0.00002    -0.00003   34.28570
G-C        0.00000    0.00000    0.00000    0.00000    0.00000    0.00000    -0.00000   -0.00000   3.40000    -0.00000   -0.00003   34.28570
A-T        0.00000    0.00000    0.00000    0.00000    0.00000    0.00000    -0.00000   -0.00000   3.40000    -0.00002   -0.00003   34.28570
G-C        0.00000    0.00000    0.00000    0.00000    0.00000    0.00000    -0.00000   0.00000    3.40000    -0.00003   -0.00001   34.28570
C-G        0.00000    0.00000    0.00000    0.00000    0.00000    0.00000    -0.00000   0.00000    3.40000    -0.00004   0.00001    34.28570
G-C        0.00000    0.00000    0.00000    0.00000    0.00000    0.00000    0.00000    0.00000    3.40000    -0.00003   0.00003    34.28570
A-T        0.00000    0.00000    0.00000    0.00000    0.00000    0.00000    0.00000    0.00000    3.40000    -0.00001   0.00004    34.28570
A-T        0.00000    0.00000    0.00000    0.00000    0.00000    0.00000    0.00000    0.00000    3.40000    0.00001    0.00004    34.28570
A-T        0.00000    0.00000    0.00000    0.00000    0.00000    0.00000    0.00000    -0.00000   3.40000    0.00004    0.00003    34.28570
C-G        0.00000    0.00000    0.00000    0.00000    0.00000    0.00000    0.00000    -0.00000   3.40000    0.00005    0.00001    34.28570
G-C        0.00000    0.00000    0.00000    0.00000    0.00000    0.00000    -0.00000   -0.00000   3.40000    0.00005    -0.00002   34.28570
G-C        0.00000    0.00000    0.00000    0.00000    0.00000    0.00000    -0.00000   -0.00000   3.40000    0.00003    -0.00004   34.28570
G-C        0.00000    0.00000    0.00000    0.00000    0.00000    0.00000    -0.00000   0.00000    3.40000    -0.00000   -0.00005   34.28570
A-T        0.00000    0.00000    0.00000    0.00000    0.00000    0.00000    -0.00000   0.00000    3.40000    -0.00003   -0.00004   34.28570
A-T        0.00000    0.00000    0.00000    0.00000    0.00000    0.00000    0.00000    0.00000    3.40000    -0.00005   -0.00002   34.28570
G-C        0.00000    0.00000    0.00000    0.00000    0.00000    0.00000    0.00000    0.00000    3.40000    -0.00005   0.00001    34.28570
G-C        0.00000    0.00000    0.00000    0.00000    0.00000    0.00000    0.00000    -0.00000   3.40000    -0.00004   0.00004    34.28570
G-C        0.00000    0.00000    0.00000    0.00000    0.00000    0.00000    0.00000    -0.00000   3.40000    -0.00001   0.00005    34.28570
T-A        0.00000    0.00000    0.00000    0.00000    0.00000    0.00000    -0.00000   -0.00000   3.40000    0.00002    0.00004    34.28570
T-A        0.00000    0.00000    0.00000    0.00000    0.00000    0.00000    -0.00000   -0.00000   3.40000    0.00004    0.00002    34.28570
T-A        0.00000    0.00000    0.00000    0.00000    0.00000    0.00000    -0.00000   -0.00000   3.40000    0.00005    -0.00000   34.28570
T-A        0.00000    0.00000    0.00000    0.00000    0.00000    0.00000    -0.00000   -0.00000   3.40000    0.00003    -0.00003   34.28570
C-G        0.00000    0.00000    0.00000    0.00000    0.00000    0.00000    -0.00000   -0.00000   3.40000    0.00001    -0.00004   34.28570
A-T        0.00000    0.00000    0.00000    0.00000    0.00000    0.00000    -0.00000   0.00000    3.40000    -0.00001   -0.00004   34.28570
C-G        0.00000    0.00000    0.00000    0.00000    0.00000    0.00000    -0.00000   0.00000    3.40000    -0.00003   -0.00002   34.28570
C-G        0.00000    0.00000    0.00000    0.00000    0.00000    0.00000    0.00000    0.00000    3.40000    -0.00003   0.00000    34.28570
G-C        0.00000    0.00000    0.00000    0.00000    0.00000    0.00000    0.00000    0.00000    3.40000    -0.00002   0.00002    34.28570
A-T        0.00000    0.00000    0.00000    0.00000    0.00000    0.00000    0.00000    0.00000    3.40000    -0.00001   0.00003    34.28570
T-A        0.00000    0.00000    0.00000    0.00000    0.00000    0.00000    0.00000    -0.00000   3.40000    0.00001    0.00002    34.28570
A-T        0.00000    0.00000    0.00000    0.00000    0.00000    0.00000    0.00000    -0.00000   3.40000    0.00002    0.00001    34.28570
T-A        0.00000    0.00000    0.00000    0.00000    0.00000    0.00000    0.00000    -0.00000   3.40000    0.00002    0.00000    34.28570
C-G        0.00000    0.00000    0.00000    0.00000    0.00000    0.00000    -0.00000   -0.00000   3.40000    0.00001    -0.00001   34.28570
A-T        0.00000    0.00000    0.00000    0.00000    0.00000    0.00000    -0.00000   -0.00000   3.40000    0.00000    -0.00001   34.28570
C-G        0.00000    0.00000    0.00000    0.00000    0.00000    0.00000    -0.00000   -0.00000   3.40000    -0.00000   -0.00001   34.28570
C-G        0.00000    0.00000    0.00000    0.00000    0.00000    0.00000    -0.00000   0.00000    3.40000    -0.00001   -0.00000   34.28570
G-C        0.00000    0.00000    0.00000    0.00000    0.00000    0.00000    -0.00000   0.00000    3.40000    -0.00000   -0.00000   34.28570
A-T        0.00000    0.00000    0.00000    0.00000    0.00000    0.00000    -0.00000   0.00000    3.40000    -0.00000   0.00000    34.28570
