337 # base pairs
  0 # ***local base-pair & step parameters***
#          Shear      Stretch    Stagger    Buckle     Prop-Tw    Opening    Shift      Slide      Rise       Tilt       Roll       Twist
A-T        0.00000    0.00000    0.00000    0.00000    0.00000    0.00000    0.00000    0.00000    0.00000    0.00000    0.00000    0.00000
A-T        0.00000    0.00000    0.00000    0.00000    0.00000    0.00000    0.00000    0.00000    3.40000    0.60358    0.88535    34.28572
A-T        0.00000    0.00000    0.00000    0.00000    0.00000    0.00000    0.00000    0.00000    3.40000    0.99742    0.39145    34.28572
C-G        0.00000    0.00000    0.00000    0.00000    0.00000    0.00000    0.00000    -0.00000   3.40000    1.04464    -0.23837   34.28572
G-C        0.00000    0.00000    0.00000    0.00000    0.00000    0.00000    -0.00000   -0.00000   3.40000    0.72885    -0.78540   34.28572
C-G        0.00000    0.00000    0.00000    0.00000    0.00000    0.00000    -0.00000   0.00000    3.40000    0.15974    -1.05952   34.28572
G-C        0.00000    0.00000    0.00000    0.00000    0.00000    0.00000    0.00000    0.00000    3.40000    -0.46488   -0.96534   34.28572
C-G        0.00000    0.00000    0.00000    0.00000    0.00000    0.00000    0.00000    0.00000    3.40000    -0.92791   -0.53574   34.28572
G-C        0.00000    0.00000    0.00000    0.00000    0.00000    0.00000    0.00000    -0.00000   3.40000    -1.06843   0.08007    34.28572
A-T        0.00000    0.00000    0.00000    0.00000    0.00000    0.00000    0.00000    -0.00000   3.40000    -0.83774   0.66800    34.28572
G-C        0.00000    0.00000    0.00000    0.00000    0.00000    0.00000    0.00000    -0.00000   3.40000    -0.31583   1.02382    34.28572
G-C        0.00000    0.00000    0.00000    0.00000    0.00000    0.00000    -0.00000   -0.00000   3.40000    0.31579    1.02384    34.28572
C-G        0.00000    0.00000    0.00000    0.00000    0.00000    0.00000    -0.00000   -0.00000   3.40000    0.83770    0.66804    34.28572
A-T        0.00000    0.00000    0.00000    0.00000    0.00000    0.00000    -0.00000   0.00000    3.40000    1.06843    0.08012    34.28572
G-C        0.00000    0.00000    0.00000    0.00000    0.00000    0.00000    -0.00000   0.00000    3.40000    0.92793    -0.53570   34.28572
C-G        0.00000    0.00000    0.00000    0.00000    0.00000    0.00000    0.00000    -0.00000   3.40000    0.46492    -0.96532   34.28572
T-A        0.00000    0.00000    0.00000    0.00000    0.00000    0.00000    0.00000    -0.00000   3.40000    -0.15969   -1.05952   34.28572
G-C        0.00000    0.00000    0.00000    0.00000    0.00000    0.00000    -0.00000   -0.00000   3.40000    -0.72880   -0.78543   34.28572
T-A        0.00000    0.00000    0.00000    0.00000    0.00000    0.00000    -0.00000   -0.00000   3.40000    -1.04461   -0.23842   34.28571
A-T        0.00000    0.00000    0.00000    0.00000    0.00000    0.00000    -0.00000   0.00000    3.40000    -0.99742   0.39140    34.28571
T-A        0.00000    0.00000    0.00000    0.00000    0.00000    0.00000    -0.00000   0.00000    3.40000    -0.60362   0.88531    34.28571
G-C        0.00000    0.00000    0.00000    0.00000    0.00000    0.00000    -0.00000   0.00000    3.40000    -0.00001   1.07142    34.28571
G-C        0.00000    0.00000    0.00000    0.00000    0.00000    0.00000    0.00000    0.00000    3.40000    0.60360    0.88532    34.28571
C-G        0.00000    0.00000    0.00000    0.00000    0.00000    0.00000    0.00000    0.00000    3.40000    0.99741    0.39142    34.28571
A-T        0.00000    0.00000    0.00000    0.00000    0.00000    0.00000    0.00000    -0.00000   3.40000    1.04462    -0.23840   34.28571
T-A        0.00000    0.00000    0.00000    0.00000    0.00000    0.00000    0.00000    -0.00000   3.40000    0.72881    -0.78541   34.28571
G-C        0.00000    0.00000    0.00000    0.00000    0.00000    0.00000    0.00000    -0.00000   3.40000    0.15971    -1.05951   34.28571
A-T        0.00000    0.00000    0.00000    0.00000    0.00000    0.00000    -0.00000   -0.00000   3.40000    -0.46490   -0.96532   34.28571
A-T        0.00000    0.00000    0.00000    0.00000    0.00000    0.00000    -0.00000   -0.00000   3.40000    -0.92791   -0.53571   34.28571
A-T        0.00000    0.00000    0.00000    0.00000    0.00000    0.00000    -0.00000   -0.00000   3.40000    -1.06842   0.08009    34.28571
G-C        0.00000    0.00000    0.00000    0.00000    0.00000    0.00000    -0.00000   0.00000    3.40000    -0.83771   0.66801    34.28571
A-T        0.00000    0.00000    0.00000    0.00000    0.00000    0.00000    -0.00000   0.00000    3.40000    -0.31581   1.02382    34.28571
G-C        0.00000    0.00000    0.00000    0.00000    0.00000    0.00000    0.00000    0.00000    3.40000    0.31580    1.02382    34.28571
T-A        0.00000    0.00000    0.00000    0.00000    0.00000    0.00000    0.00000    0.00000    3.40000    0.83771    0.66801    34.28571
T-A        0.00000    0.00000    0.00000    0.00000    0.00000    0.00000    0.00000    0.00000    3.40000    1.06842    0.08010    34.28571
C-G        0.00000    0.00000    0.00000    0.00000    0.00000    0.00000    0.00000    -0.00000   3.40000    0.92791    -0.53570   34.28571
T-A        0.00000    0.00000    0.00000    0.00000    0.00000    0.00000    0.00000    -0.00000   3.40000    0.46491    -0.96531   34.28571
T-A        0.00000    0.00000    0.00000    0.00000    0.00000    0.00000    0.00000    -0.00000   3.40000    -0.15970   -1.05951   34.28571
C-G        0.00000    0.00000    0.00000    0.00000    0.00000    0.00000    -0.00000   -0.00000   3.40000    -0.72880   -0.78541   34.28571
C-G        0.00000    0.00000    0.00000    0.00000    0.00000    0.00000    -0.00000   -0.00000   3.40000    -1.04461   -0.23841   34.28571
C-G        0.00000    0.00000    0.00000    0.00000    0.00000    0.00000    -0.00000   -0.00000   3.40000    -0.99741   0.39141    34.28571
G-C        0.00000    0.00000    0.00000    0.00000    0.00000    0.00000    -0.00000   0.00000    3.40000    -0.60360   0.88530    34.28571
G-C        0.00000    0.00000    0.00000    0.00000    0.00000    0.00000    -0.00000   0.00000    3.40000    -0.00000   1.07141    34.28571
A-T        0.00000    0.00000    0.00000    0.00000    0.00000    0.00000    -0.00000   0.00000    3.40000    0.60360    0.88530    34.28571
A-T        0.00000    0.00000    0.00000    0.00000    0.00000    0.00000    -0.00000   0.00000    3.40000    0.99740    0.39141    34.28571
A-T        0.00000    0.00000    0.00000    0.00000    0.00000    0.00000    0.00000    0.00000    3.40000    1.04461    -0.23840   34.28571
A-T        0.00000    0.00000    0.00000    0.00000    0.00000    0.00000    0.00000    0.00000    3.40000    0.72880    -0.78541   34.28571
C-G        0.00000    0.00000    0.00000    0.00000    0.00000    0.00000    0.00000    0.00000    3.40000    0.15970    -1.05950   34.28571
G-C        0.00000    0.00000    0.00000    0.00000    0.00000    0.00000    0.00000    -0.00000   3.40000    -0.46490   -0.96531   34.28571
C-G        0.00000    0.00000    0.00000    0.00000    0.00000    0.00000    0.00000    -0.00000   3.40000    -0.92790   -0.53570   34.28571
G-C        0.00000    0.00000    0.00000    0.00000    0.00000    0.00000    -0.00000   -0.00000   3.40000    -1.06841   0.08010    34.28571
G-C        0.00000    0.00000    0.00000    0.00000    0.00000    0.00000    -0.00000   -0.00000   3.40000    -0.83770   0.66801    34.28571
T-A        0.00000    0.00000    0.00000    0.00000    0.00000    0.00000    -0.00000   0.00000    3.40000    -0.31580   1.02381    34.28571
G-C        0.00000    0.00000    0.00000    0.00000    0.00000    0.00000    -0.00000   0.00000    3.40000    0.31580    1.02381    34.28571
G-C        0.00000    0.00000    0.00000    0.00000    0.00000    0.00000    -0.00000   0.00000    3.40000    0.83770    0.66800    34.28571
A-T        0.00000    0.00000    0.00000    0.00000    0.00000    0.00000    0.00000    0.00000    3.40000    1.06841    0.08010    34.28571
A-T        0.00000    0.00000    0.00000    0.00000    0.00000    0.00000    0.00000    0.00000    3.40000    0.92790    -0.53570   34.28571
T-A        0.00000    0.00000    0.00000    0.00000    0.00000    0.00000    0.00000    -0.00000   3.40000    0.46490    -0.96531   34.28571
A-T        0.00000    0.00000    0.00000    0.00000    0.00000    0.00000    0.00000    -0.00000   3.40000    -0.15970   -1.05950   34.28571
T-A        0.00000    0.00000    0.00000    0.00000    0.00000    0.00000    -0.00000   -0.00000   3.40000    -0.72880   -0.78540   34.28571
T-A        0.00000    0.00000    0.00000    0.00000    0.00000    0.00000    -0.00000   -0.00000   3.40000    -1.04460   -0.23840   34.28571
T-A        0.00000    0.00000    0.00000    0.00000    0.00000    0.00000    -0.00000   0.00000    3.40000    -0.99740   0.39141    34.28571
C-G        0.00000    0.00000    0.00000    0.00000    0.00000    0.00000    -0.00000   0.00000    3.40000    -0.60360   0.88530    34.28571
G-C        0.00000    0.00000    0.00000    0.00000    0.00000    0.00000    -0.00000   0.00000    3.40000    0.00000    1.07140    34.28571
T-A        0.00000    0.00000    0.00000    0.00000    0.00000    0.00000    0.00000    0.00000    3.40000    0.60360    0.88530    34.28571
T-A        0.00000    0.00000    0.00000    0.00000    0.00000    0.00000    0.00000    0.00000    3.40000    0.99740    0.39140    34.28571
T-A        0.00000    0.00000    0.00000    0.00000    0.00000    0.00000    0.00000    -0.00000   3.40000    1.04460    -0.23840   34.28571
C-G        0.00000    0.00000    0.00000    0.00000    0.00000    0.00000    0.00000    -0.00000   3.40000    0.72879    -0.78540   34.28571
C-G        0.00000    0.00000    0.00000    0.00000    0.00000    0.00000    0.00000    -0.00000   3.40000    0.15970    -1.05950   34.28571
T-A        0.00000    0.00000    0.00000    0.00000    0.00000    0.00000    -0.00000   -0.00000   3.40000    -0.46490   -0.96530   34.28571
A-T        0.00000    0.00000    0.00000    0.00000    0.00000    0.00000    -0.00000   -0.00000   3.40000    -0.92790   -0.53570   34.28571
C-G        0.00000    0.00000    0.00000    0.00000    0.00000    0.00000    -0.00000   0.00000    3.40000    -1.06840   0.08010    34.28571
T-A        0.00000    0.00000    0.00000    0.00000    0.00000    0.00000    -0.00000   0.00000    3.40000    -0.83770   0.66800    34.28571
A-T        0.00000    0.00000    0.00000    0.00000    0.00000    0.00000    -0.00000   0.00000    3.40000    -0.31580   1.02380    34.28571
C-G        0.00000    0.00000    0.00000    0.00000    0.00000    0.00000    0.00000    0.00000    3.40000    0.31580    1.02380    34.28571
G-C        0.00000    0.00000    0.00000    0.00000    0.00000    0.00000    0.00000    0.00000    3.40000    0.83770    0.66800    34.28571
A-T        0.00000    0.00000    0.00000    0.00000    0.00000    0.00000    0.00000    0.00000    3.40000    1.06840    0.08009    34.28571
C-G        0.00000    0.00000    0.00000    0.00000    0.00000    0.00000    0.00000    -0.00000   3.40000    0.92789    -0.53570   34.28571
T-A        0.00000    0.00000    0.00000    0.00000    0.00000    0.00000    0.00000    -0.00000   3.40000    0.46489    -0.96530   34.28571
A-T        0.00000    0.00000    0.00000    0.00000    0.00000    0.00000    -0.00000   -0.00000   3.40000    -0.15970   -1.05949   34.28571
C-G        0.00000    0.00000    0.00000    0.00000    0.00000    0.00000    -0.00000   -0.00000   3.40000    -0.72879   -0.78540   34.28571
T-A        0.00000    0.00000    0.00000    0.00000    0.00000    0.00000    -0.00000   -0.00000   3.40000    -1.04459   -0.23840   34.28571
A-T        0.00000    0.00000    0.00000    0.00000    0.00000    0.00000    -0.00000   0.00000    3.40000    -0.99739   0.39140    34.28571
T-A        0.00000    0.00000    0.00000    0.00000    0.00000    0.00000    -0.00000   0.00000    3.40000    -0.60359   0.88529    34.28571
C-G        0.00000    0.00000    0.00000    0.00000    0.00000    0.00000    0.00000    0.00000    3.40000    0.00000    1.07140    34.28571
A-T        0.00000    0.00000    0.00000    0.00000    0.00000    0.00000    0.00000    0.00000    3.40000    0.60359    0.88529    34.28571
G-C        0.00000    0.00000    0.00000    0.00000    0.00000    0.00000    0.00000    0.00000    3.40000    0.99739    0.39140    34.28571
C-G        0.00000    0.00000    0.00000    0.00000    0.00000    0.00000    0.00000    -0.00000   3.40000    1.04459    -0.23840   34.28571
C-G        0.00000    0.00000    0.00000    0.00000    0.00000    0.00000    0.00000    -0.00000   3.40000    0.72879    -0.78540   34.28571
G-C        0.00000    0.00000    0.00000    0.00000    0.00000    0.00000    -0.00000   -0.00000   3.40000    0.15970    -1.05949   34.28571
G-C        0.00000    0.00000    0.00000    0.00000    0.00000    0.00000    -0.00000   -0.00000   3.40000    -0.46490   -0.96529   34.28571
A-T        0.00000    0.00000    0.00000    0.00000    0.00000    0.00000    -0.00000   -0.00000   3.40000    -0.92789   -0.53570   34.28571
A-T        0.00000    0.00000    0.00000    0.00000    0.00000    0.00000    -0.00000   0.00000    3.40000    -1.06839   0.08010    34.28571
G-C        0.00000    0.00000    0.00000    0.00000    0.00000    0.00000    -0.00000   0.00000    3.40000    -0.83769   0.66800    34.28571
C-G        0.00000    0.00000    0.00000    0.00000    0.00000    0.00000    0.00000    0.00000    3.40000    -0.31580   1.02379    34.28571
C-G        0.00000    0.00000    0.00000    0.00000    0.00000    0.00000    0.00000    0.00000    3.40000    0.31580    1.02379    34.28571
T-A        0.00000    0.00000    0.00000    0.00000    0.00000    0.00000    0.00000    0.00000    3.40000    0.83769    0.66800    34.28571
A-T        0.00000    0.00000    0.00000    0.00000    0.00000    0.00000    0.00000    -0.00000   3.40000    1.06839    0.08009    34.28571
T-A        0.00000    0.00000    0.00000    0.00000    0.00000    0.00000    0.00000    -0.00000   3.40000    0.92789    -0.53570   34.28571
G-C        0.00000    0.00000    0.00000    0.00000    0.00000    0.00000    -0.00000   -0.00000   3.40000    0.46489    -0.96529   34.28571
T-A        0.00000    0.00000    0.00000    0.00000    0.00000    0.00000    -0.00000   -0.00000   3.40000    -0.15970   -1.05949   34.28571
A-T        0.00000    0.00000    0.00000    0.00000    0.00000    0.00000    -0.00000   0.00000    3.40000    -0.72879   -0.78539   34.28571
C-G        0.00000    0.00000    0.00000    0.00000    0.00000    0.00000    -0.00000   0.00000    3.40000    -1.04459   -0.23840   34.28571
C-G        0.00000    0.00000    0.00000    0.00000    0.00000    0.00000    0.00000    0.00000    3.40000    -0.99739   0.39140    34.28571
G-C        0.00000    0.00000    0.00000    0.00000    0.00000    0.00000    0.00000    0.00000    3.40000    -0.60359   0.88529    34.28571
A-T        0.00000    0.00000    0.00000    0.00000    0.00000    0.00000    0.00000    -0.00000   3.40000    0.00000    1.07139    34.28571
G-C        0.00000    0.00000    0.00000    0.00000    0.00000    0.00000    0.00000    -0.00000   3.40000    0.60359    0.88529    34.28571
T-A        0.00000    0.00000    0.00000    0.00000    0.00000    0.00000    0.00000    -0.00000   3.40000    0.99739    0.39140    34.28571
T-A        0.00000    0.00000    0.00000    0.00000    0.00000    0.00000    -0.00000   -0.00000   3.40000    1.04458    -0.23840   34.28571
C-G        0.00000    0.00000    0.00000    0.00000    0.00000    0.00000    -0.00000   -0.00000   3.40000    0.72879    -0.78539   34.28571
C-G        0.00000    0.00000    0.00000    0.00000    0.00000    0.00000    -0.00000   0.00000    3.40000    0.15970    -1.05948   34.28571
G-C        0.00000    0.00000    0.00000    0.00000    0.00000    0.00000    -0.00000   0.00000    3.40000    -0.46489   -0.96529   34.28571
A-T        0.00000    0.00000    0.00000    0.00000    0.00000    0.00000    -0.00000   0.00000    3.40000    -0.92789   -0.53569   34.28571
C-G        0.00000    0.00000    0.00000    0.00000    0.00000    0.00000    0.00000    0.00000    3.40000    -1.06839   0.08010    34.28571
A-T        0.00000    0.00000    0.00000    0.00000    0.00000    0.00000    0.00000    0.00000    3.40000    -0.83769   0.66800    34.28571
C-G        0.00000    0.00000    0.00000    0.00000    0.00000    0.00000    0.00000    -0.00000   3.40000    -0.31580   1.02379    34.28571
T-A        0.00000    0.00000    0.00000    0.00000    0.00000    0.00000    0.00000    -0.00000   3.40000    0.31580    1.02379    34.28571
T-A        0.00000    0.00000    0.00000    0.00000    0.00000    0.00000    0.00000    -0.00000   3.40000    0.83769    0.66799    34.28571
T-A        0.00000    0.00000    0.00000    0.00000    0.00000    0.00000    -0.00000   -0.00000   3.40000    1.06839    0.08009    34.28571
C-G        0.00000    0.00000    0.00000    0.00000    0.00000    0.00000    -0.00000   -0.00000   3.40000    0.92789    -0.53570   34.28571
A-T        0.00000    0.00000    0.00000    0.00000    0.00000    0.00000    -0.00000   -0.00000   3.40000    0.46489    -0.96529   34.28571
T-A        0.00000    0.00000    0.00000    0.00000    0.00000    0.00000    -0.00000   0.00000    3.40000    -0.15970   -1.05948   34.28571
T-A        0.00000    0.00000    0.00000    0.00000    0.00000    0.00000    -0.00000   0.00000    3.40000    -0.72879   -0.78539   34.28571
G-C        0.00000    0.00000    0.00000    0.00000    0.00000    0.00000    0.00000    0.00000    3.40000    -1.04458   -0.23840   34.28571
A-T        0.00000    0.00000    0.00000    0.00000    0.00000    0.00000    0.00000    0.00000    3.40000    -0.99738   0.39140    34.28571
G-C        0.00000    0.00000    0.00000    0.00000    0.00000    0.00000    0.00000    0.00000    3.40000    -0.60359   0.88528    34.28571
A-T        0.00000    0.00000    0.00000    0.00000    0.00000    0.00000    0.00000    -0.00000   3.40000    0.00000    1.07139    34.28571
A-T        0.00000    0.00000    0.00000    0.00000    0.00000    0.00000    0.00000    -0.00000   3.40000    0.60359    0.88528    34.28571
A-T        0.00000    0.00000    0.00000    0.00000    0.00000    0.00000    0.00000    -0.00000   3.40000    0.99738    0.39140    34.28571
G-C        0.00000    0.00000    0.00000    0.00000    0.00000    0.00000    -0.00000   -0.00000   3.40000    1.04458    -0.23840   34.28571
A-T        0.00000    0.00000    0.00000    0.00000    0.00000    0.00000    -0.00000   -0.00000   3.40000    0.72878    -0.78539   34.28571
T-A        0.00000    0.00000    0.00000    0.00000    0.00000    0.00000    -0.00000   -0.00000   3.40000    0.15970    -1.05948   34.28571
G-C        0.00000    0.00000    0.00000    0.00000    0.00000    0.00000    -0.00000   0.00000    3.40000    -0.46489   -0.96529   34.28571
C-G        0.00000    0.00000    0.00000    0.00000    0.00000    0.00000    -0.00000   0.00000    3.40000    -0.92788   -0.53569   34.28571
C-G        0.00000    0.00000    0.00000    0.00000    0.00000    0.00000    -0.00000   0.00000    3.40000    -1.06839   0.08010    34.28571
T-A        0.00000    0.00000    0.00000    0.00000    0.00000    0.00000    0.00000    0.00000    3.40000    -0.83768   0.66799    34.28571
C-G        0.00000    0.00000    0.00000    0.00000    0.00000    0.00000    0.00000    0.00000    3.40000    -0.31580   1.02379    34.28571
A-T        0.00000    0.00000    0.00000    0.00000    0.00000    0.00000    0.00000    -0.00000   3.40000    0.31580    1.02379    34.28571
G-C        0.00000    0.00000    0.00000    0.00000    0.00000    0.00000    0.00000    -0.00000   3.40000    0.83769    0.66799    34.28571
C-G        0.00000    0.00000    0.00000    0.00000    0.00000    0.00000    0.00000    -0.00000   3.40000    1.06839    0.08010    34.28571
T-A        0.00000    0.00000    0.00000    0.00000    0.00000    0.00000    -0.00000   -0.00000   3.40000    0.92788    -0.53569   34.28571
C-G        0.00000    0.00000    0.00000    0.00000    0.00000    0.00000    -0.00000   -0.00000   3.40000    0.46489    -0.96529   34.28571
T-A        0.00000    0.00000    0.00000    0.00000    0.00000    0.00000    -0.00000   -0.00000   3.40000    -0.15970   -1.05948   34.28571
G-C        0.00000    0.00000    0.00000    0.00000    0.00000    0.00000    -0.00000   0.00000    3.40000    -0.72878   -0.78539   34.28571
T-A        0.00000    0.00000    0.00000    0.00000    0.00000    0.00000    -0.00000   0.00000    3.40000    -1.04458   -0.23840   34.28571
T-A        0.00000    0.00000    0.00000    0.00000    0.00000    0.00000    0.00000    0.00000    3.40000    -0.99738   0.39140    34.28571
A-T        0.00000    0.00000    0.00000    0.00000    0.00000    0.00000    0.00000    0.00000    3.40000    -0.60359   0.88528    34.28571
C-G        0.00000    0.00000    0.00000    0.00000    0.00000    0.00000    0.00000    -0.00000   3.40000    0.00000    1.07139    34.28571
A-T        0.00000    0.00000    0.00000    0.00000    0.00000    0.00000    0.00000    -0.00000   3.40000    0.60359    0.88528    34.28571
G-C        0.00000    0.00000    0.00000    0.00000    0.00000    0.00000    -0.00000   -0.00000   3.40000    0.99738    0.39140    34.28571
G-C        0.00000    0.00000    0.00000    0.00000    0.00000    0.00000    -0.00000   -0.00000   3.40000    1.04458    -0.23840   34.28571
T-A        0.00000    0.00000    0.00000    0.00000    0.00000    0.00000    -0.00000   -0.00000   3.40000    0.72878    -0.78539   34.28571
C-G        0.00000    0.00000    0.00000    0.00000    0.00000    0.00000    -0.00000   0.00000    3.40000    0.15970    -1.05948   34.28571
A-T        0.00000    0.00000    0.00000    0.00000    0.00000    0.00000    -0.00000   0.00000    3.40000    -0.46489   -0.96529   34.28571
C-G        0.00000    0.00000    0.00000    0.00000    0.00000    0.00000    0.00000    0.00000    3.40000    -0.92788   -0.53569   34.28571
T-A        0.00000    0.00000    0.00000    0.00000    0.00000    0.00000    0.00000    0.00000    3.40000    -1.06839   0.08010    34.28571
A-T        0.00000    0.00000    0.00000    0.00000    0.00000    0.00000    0.00000    -0.00000   3.40000    -0.83768   0.66799    34.28571
A-T        0.00000    0.00000    0.00000    0.00000    0.00000    0.00000    0.00000    -0.00000   3.40000    -0.31580   1.02379    34.28571
T-A        0.00000    0.00000    0.00000    0.00000    0.00000    0.00000    -0.00000   -0.00000   3.40000    0.31580    1.02379    34.28571
A-T        0.00000    0.00000    0.00000    0.00000    0.00000    0.00000    -0.00000   -0.00000   3.40000    0.83769    0.66799    34.28571
C-G        0.00000    0.00000    0.00000    0.00000    0.00000    0.00000    -0.00000   0.00000    3.40000    1.06839    0.08010    34.28571
C-G        0.00000    0.00000    0.00000    0.00000    0.00000    0.00000    -0.00000   0.00000    3.40000    0.92788    -0.53569   34.28571
A-T        0.00000    0.00000    0.00000    0.00000    0.00000    0.00000    -0.00000   0.00000    3.40000    0.46489    -0.96529   34.28571
T-A        0.00000    0.00000    0.00000    0.00000    0.00000    0.00000    0.00000    0.00000    3.40000    -0.15970   -1.05948   34.28572
C-G        0.00000    0.00000    0.00000    0.00000    0.00000    0.00000    0.00000    0.00000    3.40000    -0.72879   -0.78539   34.28571
T-A        0.00000    0.00000    0.00000    0.00000    0.00000    0.00000    0.00000    -0.00000   3.40000    -1.04458   -0.23840   34.28571
A-T        0.00000    0.00000    0.00000    0.00000    0.00000    0.00000    0.00000    -0.00000   3.40000    -0.99738   0.39140    34.28571
A-T        0.00000    0.00000    0.00000    0.00000    0.00000    0.00000    0.00000    -0.00000   3.40000    -0.60359   0.88528    34.28571
G-C        0.00000    0.00000    0.00000    0.00000    0.00000    0.00000    -0.00000   -0.00000   3.40000    -0.00000   1.07139    34.28571
T-A        0.00000    0.00000    0.00000    0.00000    0.00000    0.00000    -0.00000   -0.00000   3.40000    0.60359    0.88528    34.28571
A-T        0.00000    0.00000    0.00000    0.00000    0.00000    0.00000    -0.00000   -0.00000   3.40000    0.99738    0.39140    34.28571
G-C        0.00000    0.00000    0.00000    0.00000    0.00000    0.00000    -0.00000   0.00000    3.40000    1.04458    -0.23840   34.28571
T-A        0.00000    0.00000    0.00000    0.00000    0.00000    0.00000    -0.00000   0.00000    3.40000    0.72879    -0.78539   34.28571
T-A        0.00000    0.00000    0.00000    0.00000    0.00000    0.00000    0.00000    0.00000    3.40000    0.15970    -1.05948   34.28572
G-C        0.00000    0.00000    0.00000    0.00000    0.00000    0.00000    0.00000    0.00000    3.40000    -0.46489   -0.96529   34.28571
A-T        0.00000    0.00000    0.00000    0.00000    0.00000    0.00000    0.00000    0.00000    3.40000    -0.92789   -0.53569   34.28571
T-A        0.00000    0.00000    0.00000    0.00000    0.00000    0.00000    0.00000    -0.00000   3.40000    -1.06839   0.08010    34.28571
T-A        0.00000    0.00000    0.00000    0.00000    0.00000    0.00000    0.00000    -0.00000   3.40000    -0.83769   0.66799    34.28571
C-G        0.00000    0.00000    0.00000    0.00000    0.00000    0.00000    -0.00000   -0.00000   3.40000    -0.31580   1.02379    34.28571
A-T        0.00000    0.00000    0.00000    0.00000    0.00000    0.00000    -0.00000   -0.00000   3.40000    0.31580    1.02379    34.28571
T-A        0.00000    0.00000    0.00000    0.00000    0.00000    0.00000    -0.00000   -0.00000   3.40000    0.83769    0.66799    34.28571
A-T        0.00000    0.00000    0.00000    0.00000    0.00000    0.00000    -0.00000   0.00000    3.40000    1.06839    0.08010    34.28571
G-C        0.00000    0.00000    0.00000    0.00000    0.00000    0.00000    -0.00000   0.00000    3.40000    0.92789    -0.53569   34.28571
T-A        0.00000    0.00000    0.00000    0.00000    0.00000    0.00000    0.00000    0.00000    3.40000    0.46489    -0.96529   34.28571
G-C        0.00000    0.00000    0.00000    0.00000    0.00000    0.00000    0.00000    0.00000    3.40000    -0.15970   -1.05948   34.28571
A-T        0.00000    0.00000    0.00000    0.00000    0.00000    0.00000    0.00000    0.00000    3.40000    -0.72879   -0.78539   34.28571
C-G        0.00000    0.00000    0.00000    0.00000    0.00000    0.00000    0.00000    -0.00000   3.40000    -1.04458   -0.23840   34.28571
T-A        0.00000    0.00000    0.00000    0.00000    0.00000    0.00000    0.00000    -0.00000   3.40000    -0.99739   0.39140    34.28571
G-C        0.00000    0.00000    0.00000    0.00000    0.00000    0.00000    0.00000    -0.00000   3.40000    -0.60359   0.88529    34.28571
C-G        0.00000    0.00000    0.00000    0.00000    0.00000    0.00000    -0.00000   -0.00000   3.40000    -0.00000   1.07139    34.28571
A-T        0.00000    0.00000    0.00000    0.00000    0.00000    0.00000    -0.00000   -0.00000   3.40000    0.60359    0.88529    34.28571
T-A        0.00000    0.00000    0.00000    0.00000    0.00000    0.00000    -0.00000   0.00000    3.40000    0.99739    0.39140    34.28571
A-T        0.00000    0.00000    0.00000    0.00000    0.00000    0.00000    -0.00000   0.00000    3.40000    1.04459    -0.23840   34.28571
T-A        0.00000    0.00000    0.00000    0.00000    0.00000    0.00000    -0.00000   0.00000    3.40000    0.72879    -0.78539   34.28571
G-C        0.00000    0.00000    0.00000    0.00000    0.00000    0.00000    0.00000    0.00000    3.40000    0.15970    -1.05949   34.28571
T-A        0.00000    0.00000    0.00000    0.00000    0.00000    0.00000    0.00000    0.00000    3.40000    -0.46489   -0.96529   34.28571
T-A        0.00000    0.00000    0.00000    0.00000    0.00000    0.00000    0.00000    -0.00000   3.40000    -0.92789   -0.53570   34.28571
G-C        0.00000    0.00000    0.00000    0.00000    0.00000    0.00000    0.00000    -0.00000   3.40000    -1.06839   0.08010    34.28571
T-A        0.00000    0.00000    0.00000    0.00000    0.00000    0.00000    0.00000    -0.00000   3.40000    -0.83769   0.66800    34.28571
G-C        0.00000    0.00000    0.00000    0.00000    0.00000    0.00000    -0.00000   -0.00000   3.40000    -0.31580   1.02379    34.28571
T-A        0.00000    0.00000    0.00000    0.00000    0.00000    0.00000    -0.00000   -0.00000   3.40000    0.31580    1.02379    34.28571
T-A        0.00000    0.00000    0.00000    0.00000    0.00000    0.00000    -0.00000   0.00000    3.40000    0.83769    0.66800    34.28571
T-A        0.00000    0.00000    0.00000    0.00000    0.00000    0.00000    -0.00000   0.00000    3.40000    1.06839    0.08010    34.28571
T-A        0.00000    0.00000    0.00000    0.00000    0.00000    0.00000    0.00000    0.00000    3.40000    0.92789    -0.53570   34.28571
A-T        0.00000    0.00000    0.00000    0.00000    0.00000    0.00000    0.00000    0.00000    3.40000    0.46489    -0.96529   34.28571
C-G        0.00000    0.00000    0.00000    0.00000    0.00000    0.00000    0.00000    -0.00000   3.40000    -0.15970   -1.05949   34.28571
A-T        0.00000    0.00000    0.00000    0.00000    0.00000    0.00000    0.00000    -0.00000   3.40000    -0.72879   -0.78540   34.28571
G-C        0.00000    0.00000    0.00000    0.00000    0.00000    0.00000    -0.00000   -0.00000   3.40000    -1.04459   -0.23840   34.28571
T-A        0.00000    0.00000    0.00000    0.00000    0.00000    0.00000    -0.00000   -0.00000   3.40000    -0.99739   0.39140    34.28571
A-T        0.00000    0.00000    0.00000    0.00000    0.00000    0.00000    -0.00000   0.00000    3.40000    -0.60359   0.88529    34.28571
T-A        0.00000    0.00000    0.00000    0.00000    0.00000    0.00000    -0.00000   0.00000    3.40000    -0.00000   1.07140    34.28571
T-A        0.00000    0.00000    0.00000    0.00000    0.00000    0.00000    0.00000    0.00000    3.40000    0.60359    0.88529    34.28571
A-T        0.00000    0.00000    0.00000    0.00000    0.00000    0.00000    0.00000    0.00000    3.40000    0.99739    0.39140    34.28571
T-A        0.00000    0.00000    0.00000    0.00000    0.00000    0.00000    0.00000    0.00000    3.40000    1.04459    -0.23840   34.28571
G-C        0.00000    0.00000    0.00000    0.00000    0.00000    0.00000    0.00000    -0.00000   3.40000    0.72879    -0.78540   34.28571
T-A        0.00000    0.00000    0.00000    0.00000    0.00000    0.00000    0.00000    -0.00000   3.40000    0.15970    -1.05949   34.28571
A-T        0.00000    0.00000    0.00000    0.00000    0.00000    0.00000    -0.00000   -0.00000   3.40000    -0.46489   -0.96530   34.28571
G-C        0.00000    0.00000    0.00000    0.00000    0.00000    0.00000    -0.00000   -0.00000   3.40000    -0.92789   -0.53570   34.28571
T-A        0.00000    0.00000    0.00000    0.00000    0.00000    0.00000    -0.00000   -0.00000   3.40000    -1.06840   0.08010    34.28571
C-G        0.00000    0.00000    0.00000    0.00000    0.00000    0.00000    -0.00000   0.00000    3.40000    -0.83770   0.66800    34.28571
T-A        0.00000    0.00000    0.00000    0.00000    0.00000    0.00000    -0.00000   0.00000    3.40000    -0.31580   1.02380    34.28571
G-C        0.00000    0.00000    0.00000    0.00000    0.00000    0.00000    0.00000    0.00000    3.40000    0.31580    1.02380    34.28571
T-A        0.00000    0.00000    0.00000    0.00000    0.00000    0.00000    0.00000    0.00000    3.40000    0.83769    0.66800    34.28571
T-A        0.00000    0.00000    0.00000    0.00000    0.00000    0.00000    0.00000    0.00000    3.40000    1.06840    0.08010    34.28571
T-A        0.00000    0.00000    0.00000    0.00000    0.00000    0.00000    0.00000    -0.00000   3.40000    0.92790    -0.53570   34.28571
T-A        0.00000    0.00000    0.00000    0.00000    0.00000    0.00000    0.00000    -0.00000   3.40000    0.46490    -0.96530   34.28571
T-A        0.00000    0.00000    0.00000    0.00000    0.00000    0.00000    -0.00000   -0.00000   3.40000    -0.15970   -1.05950   34.28571
T-A        0.00000    0.00000    0.00000    0.00000    0.00000    0.00000    -0.00000   -0.00000   3.40000    -0.72879   -0.78540   34.28571
A-T        0.00000    0.00000    0.00000    0.00000    0.00000    0.00000    -0.00000   -0.00000   3.40000    -1.04460   -0.23840   34.28571
T-A        0.00000    0.00000    0.00000    0.00000    0.00000    0.00000    -0.00000   0.00000    3.40000    -0.99740   0.39140    34.28571
G-C        0.00000    0.00000    0.00000    0.00000    0.00000    0.00000    -0.00000   0.00000    3.40000    -0.60360   0.88529    34.28571
C-G        0.00000    0.00000    0.00000    0.00000    0.00000    0.00000    0.00000    0.00000    3.40000    -0.00000   1.07140    34.28571
A-T        0.00000    0.00000    0.00000    0.00000    0.00000    0.00000    0.00000    0.00000    3.40000    0.60359    0.88530    34.28571
A-T        0.00000    0.00000    0.00000    0.00000    0.00000    0.00000    0.00000    0.00000    3.40000    0.99740    0.39141    34.28571
A-T        0.00000    0.00000    0.00000    0.00000    0.00000    0.00000    0.00000    -0.00000   3.40000    1.04460    -0.23840   34.28571
A-T        0.00000    0.00000    0.00000    0.00000    0.00000    0.00000    0.00000    -0.00000   3.40000    0.72880    -0.78540   34.28571
T-A        0.00000    0.00000    0.00000    0.00000    0.00000    0.00000    -0.00000   -0.00000   3.40000    0.15970    -1.05950   34.28571
C-G        0.00000    0.00000    0.00000    0.00000    0.00000    0.00000    -0.00000   -0.00000   3.40000    -0.46490   -0.96530   34.28571
T-A        0.00000    0.00000    0.00000    0.00000    0.00000    0.00000    -0.00000   -0.00000   3.40000    -0.92790   -0.53570   34.28571
A-T        0.00000    0.00000    0.00000    0.00000    0.00000    0.00000    -0.00000   0.00000    3.40000    -1.06841   0.08010    34.28571
A-T        0.00000    0.00000    0.00000    0.00000    0.00000    0.00000    -0.00000   0.00000    3.40000    -0.83770   0.66800    34.28571
T-A        0.00000    0.00000    0.00000    0.00000    0.00000    0.00000    0.00000    0.00000    3.40000    -0.31580   1.02381    34.28571
T-A        0.00000    0.00000    0.00000    0.00000    0.00000    0.00000    0.00000    0.00000    3.40000    0.31580    1.02381    34.28571
T-A        0.00000    0.00000    0.00000    0.00000    0.00000    0.00000    0.00000    0.00000    3.40000    0.83770    0.66801    34.28571
A-T        0.00000    0.00000    0.00000    0.00000    0.00000    0.00000    0.00000    -0.00000   3.40000    1.06841    0.08010    34.28571
A-T        0.00000    0.00000    0.00000    0.00000    0.00000    0.00000    0.00000    -0.00000   3.40000    0.92790    -0.53570   34.28571
T-A        0.00000    0.00000    0.00000    0.00000    0.00000    0.00000    -0.00000   -0.00000   3.40000    0.46490    -0.96531   34.28571
A-T        0.00000    0.00000    0.00000    0.00000    0.00000    0.00000    -0.00000   -0.00000   3.40000    -0.15970   -1.05950   34.28571
T-A        0.00000    0.00000    0.00000    0.00000    0.00000    0.00000    -0.00000   -0.00000   3.40000    -0.72880   -0.78541   34.28571
A-T        0.00000    0.00000    0.00000    0.00000    0.00000    0.00000    -0.00000   0.00000    3.40000    -1.04460   -0.23840   34.28571
T-A        0.00000    0.00000    0.00000    0.00000    0.00000    0.00000    -0.00000   0.00000    3.40000    -0.99740   0.39140    34.28571
T-A        0.00000    0.00000    0.00000    0.00000    0.00000    0.00000    0.00000    0.00000    3.40000    -0.60360   0.88530    34.28571
G-C        0.00000    0.00000    0.00000    0.00000    0.00000    0.00000    0.00000    0.00000    3.40000    -0.00000   1.07141    34.28571
A-T        0.00000    0.00000    0.00000    0.00000    0.00000    0.00000    0.00000    0.00000    3.40000    0.60360    0.88530    34.28571
T-A        0.00000    0.00000    0.00000    0.00000    0.00000    0.00000    0.00000    -0.00000   3.40000    0.99740    0.39141    34.28571
A-T        0.00000    0.00000    0.00000    0.00000    0.00000    0.00000    0.00000    -0.00000   3.40000    1.04460    -0.23840   34.28571
T-A        0.00000    0.00000    0.00000    0.00000    0.00000    0.00000    -0.00000   -0.00000   3.40000    0.72880    -0.78540   34.28571
T-A        0.00000    0.00000    0.00000    0.00000    0.00000    0.00000    -0.00000   -0.00000   3.40000    0.15970    -1.05950   34.28571
T-A        0.00000    0.00000    0.00000    0.00000    0.00000    0.00000    -0.00000   -0.00000   3.40000    -0.46490   -0.96531   34.28571
A-T        0.00000    0.00000    0.00000    0.00000    0.00000    0.00000    -0.00000   0.00000    3.40000    -0.92790   -0.53571   34.28571
T-A        0.00000    0.00000    0.00000    0.00000    0.00000    0.00000    -0.00000   0.00000    3.40000    -1.06841   0.08010    34.28571
A-T        0.00000    0.00000    0.00000    0.00000    0.00000    0.00000    -0.00000   0.00000    3.40000    -0.83771   0.66801    34.28571
T-A        0.00000    0.00000    0.00000    0.00000    0.00000    0.00000    0.00000    0.00000    3.40000    -0.31581   1.02381    34.28571
C-G        0.00000    0.00000    0.00000    0.00000    0.00000    0.00000    0.00000    0.00000    3.40000    0.31580    1.02381    34.28571
A-T        0.00000    0.00000    0.00000    0.00000    0.00000    0.00000    0.00000    -0.00000   3.40000    0.83770    0.66801    34.28571
T-A        0.00000    0.00000    0.00000    0.00000    0.00000    0.00000    0.00000    -0.00000   3.40000    1.06841    0.08010    34.28571
T-A        0.00000    0.00000    0.00000    0.00000    0.00000    0.00000    0.00000    -0.00000   3.40000    0.92791    -0.53570   34.28571
T-A        0.00000    0.00000    0.00000    0.00000    0.00000    0.00000    -0.00000   -0.00000   3.40000    0.46490    -0.96531   34.28571
T-A        0.00000    0.00000    0.00000    0.00000    0.00000    0.00000    -0.00000   -0.00000   3.40000    -0.15970   -1.05950   34.28571
A-T        0.00000    0.00000    0.00000    0.00000    0.00000    0.00000    -0.00000   -0.00000   3.40000    -0.72880   -0.78541   34.28571
C-G        0.00000    0.00000    0.00000    0.00000    0.00000    0.00000    -0.00000   0.00000    3.40000    -1.04460   -0.23841   34.28571
G-C        0.00000    0.00000    0.00000    0.00000    0.00000    0.00000    -0.00000   0.00000    3.40000    -0.99741   0.39140    34.28571
T-A        0.00000    0.00000    0.00000    0.00000    0.00000    0.00000    0.00000    0.00000    3.40000    -0.60360   0.88530    34.28571
T-A        0.00000    0.00000    0.00000    0.00000    0.00000    0.00000    0.00000    0.00000    3.40000    -0.00000   1.07141    34.28571
T-A        0.00000    0.00000    0.00000    0.00000    0.00000    0.00000    0.00000    0.00000    3.40000    0.60360    0.88530    34.28571
C-G        0.00000    0.00000    0.00000    0.00000    0.00000    0.00000    0.00000    -0.00000   3.40000    0.99740    0.39141    34.28571
T-A        0.00000    0.00000    0.00000    0.00000    0.00000    0.00000    0.00000    -0.00000   3.40000    1.04460    -0.23840   34.28571
C-G        0.00000    0.00000    0.00000    0.00000    0.00000    0.00000    -0.00000   -0.00000   3.40000    0.72880    -0.78541   34.28571
G-C        0.00000    0.00000    0.00000    0.00000    0.00000    0.00000    -0.00000   -0.00000   3.40000    0.15970    -1.05950   34.28571
T-A        0.00000    0.00000    0.00000    0.00000    0.00000    0.00000    -0.00000   -0.00000   3.40000    -0.46490   -0.96531   34.28571
T-A        0.00000    0.00000    0.00000    0.00000    0.00000    0.00000    -0.00000   0.00000    3.40000    -0.92790   -0.53571   34.28571
C-G        0.00000    0.00000    0.00000    0.00000    0.00000    0.00000    -0.00000   0.00000    3.40000    -1.06841   0.08010    34.28571
A-T        0.00000    0.00000    0.00000    0.00000    0.00000    0.00000    -0.00000   0.00000    3.40000    -0.83770   0.66801    34.28571
G-C        0.00000    0.00000    0.00000    0.00000    0.00000    0.00000    0.00000    0.00000    3.40000    -0.31580   1.02381    34.28571
C-G        0.00000    0.00000    0.00000    0.00000    0.00000    0.00000    0.00000    0.00000    3.40000    0.31580    1.02381    34.28571
T-A        0.00000    0.00000    0.00000    0.00000    0.00000    0.00000    0.00000    -0.00000   3.40000    0.83770    0.66801    34.28571
T-A        0.00000    0.00000    0.00000    0.00000    0.00000    0.00000    0.00000    -0.00000   3.40000    1.06841    0.08010    34.28571
T-A        0.00000    0.00000    0.00000    0.00000    0.00000    0.00000    0.00000    -0.00000   3.40000    0.92790    -0.53570   34.28571
T-A        0.00000    0.00000    0.00000    0.00000    0.00000    0.00000    -0.00000   -0.00000   3.40000    0.46490    -0.96531   34.28571
T-A        0.00000    0.00000    0.00000    0.00000    0.00000    0.00000    -0.00000   -0.00000   3.40000    -0.15970   -1.05950   34.28571
T-A        0.00000    0.00000    0.00000    0.00000    0.00000    0.00000    -0.00000   0.00000    3.40000    -0.72880   -0.78540   34.28571
A-T        0.00000    0.00000    0.00000    0.00000    0.00000    0.00000    -0.00000   0.00000    3.40000    -1.04460   -0.23840   34.28571
T-A        0.00000    0.00000    0.00000    0.00000    0.00000    0.00000    -0.00000   0.00000    3.40000    -0.99740   0.39140    34.28571
A-T        0.00000    0.00000    0.00000    0.00000    0.00000    0.00000    0.00000    0.00000    3.40000    -0.60360   0.88530    34.28571
C-G        0.00000    0.00000    0.00000    0.00000    0.00000    0.00000    0.00000    0.00000    3.40000    0.00000    1.07140    34.28571
T-A        0.00000    0.00000    0.00000    0.00000    0.00000    0.00000    0.00000    -0.00000   3.40000    0.60360    0.88529    34.28571
A-T        0.00000    0.00000    0.00000    0.00000    0.00000    0.00000    0.00000    -0.00000   3.40000    0.99740    0.39140    34.28571
A-T        0.00000    0.00000    0.00000    0.00000    0.00000    0.00000    -0.00000   -0.00000   3.40000    1.04459    -0.23840   34.28571
C-G        0.00000    0.00000    0.00000    0.00000    0.00000    0.00000    -0.00000   -0.00000   3.40000    0.72879    -0.78540   34.28571
T-A        0.00000    0.00000    0.00000    0.00000    0.00000    0.00000    -0.00000   0.00000    3.40000    0.15970    -1.05949   34.28571
T-A        0.00000    0.00000    0.00000    0.00000    0.00000    0.00000    -0.00000   0.00000    3.40000    -0.46490   -0.96530   34.28571
G-C        0.00000    0.00000    0.00000    0.00000    0.00000    0.00000    -0.00000   0.00000    3.40000    -0.92789   -0.53569   34.28571
A-T        0.00000    0.00000    0.00000    0.00000    0.00000    0.00000    0.00000    0.00000    3.40000    -1.06839   0.08010    34.28571
G-C        0.00000    0.00000    0.00000    0.00000    0.00000    0.00000    0.00000    0.00000    3.40000    -0.83769   0.66800    34.28571
C-G        0.00000    0.00000    0.00000    0.00000    0.00000    0.00000    0.00000    -0.00000   3.40000    -0.31579   1.02379    34.28571
G-C        0.00000    0.00000    0.00000    0.00000    0.00000    0.00000    0.00000    -0.00000   3.40000    0.31580    1.02379    34.28571
A-T        0.00000    0.00000    0.00000    0.00000    0.00000    0.00000    -0.00000   -0.00000   3.40000    0.83769    0.66799    34.28571
A-T        0.00000    0.00000    0.00000    0.00000    0.00000    0.00000    -0.00000   -0.00000   3.40000    1.06839    0.08009    34.28571
A-T        0.00000    0.00000    0.00000    0.00000    0.00000    0.00000    -0.00000   0.00000    3.40000    0.92788    -0.53570   34.28571
C-G        0.00000    0.00000    0.00000    0.00000    0.00000    0.00000    -0.00000   0.00000    3.40000    0.46488    -0.96528   34.28571
G-C        0.00000    0.00000    0.00000    0.00000    0.00000    0.00000    -0.00000   0.00000    3.40000    -0.15970   -1.05947   34.28571
G-C        0.00000    0.00000    0.00000    0.00000    0.00000    0.00000    0.00000    0.00000    3.40000    -0.72878   -0.78538   34.28571
G-C        0.00000    0.00000    0.00000    0.00000    0.00000    0.00000    0.00000    0.00000    3.40000    -1.04457   -0.23839   34.28571
A-T        0.00000    0.00000    0.00000    0.00000    0.00000    0.00000    0.00000    -0.00000   3.40000    -0.99736   0.39140    34.28571
A-T        0.00000    0.00000    0.00000    0.00000    0.00000    0.00000    0.00000    -0.00000   3.40000    -0.60357   0.88527    34.28571
G-C        0.00000    0.00000    0.00000    0.00000    0.00000    0.00000    0.00000    -0.00000   3.40000    0.00001    1.07136    34.28571
G-C        0.00000    0.00000    0.00000    0.00000    0.00000    0.00000    -0.00000   -0.00000   3.40000    0.60358    0.88525    34.28571
G-C        0.00000    0.00000    0.00000    0.00000    0.00000    0.00000    -0.00000   -0.00000   3.40000    0.99736    0.39137    34.28571
T-A        0.00000    0.00000    0.00000    0.00000    0.00000    0.00000    -0.00000   0.00000    3.40000    1.04454    -0.23840   34.28571
T-A        0.00000    0.00000    0.00000    0.00000    0.00000    0.00000    -0.00000   0.00000    3.40000    0.72875    -0.78537   34.28572
T-A        0.00000    0.00000    0.00000    0.00000    0.00000    0.00000    -0.00000   0.00000    3.40000    0.15967    -1.05944   34.28572
T-A        0.00000    0.00000    0.00000    0.00000    0.00000    0.00000    0.00000    0.00000    3.40000    -0.46489   -0.96524   34.28572
C-G        0.00000    0.00000    0.00000    0.00000    0.00000    0.00000    0.00000    0.00000    3.40000    -0.92785   -0.53565   34.28572
A-T        0.00000    0.00000    0.00000    0.00000    0.00000    0.00000    0.00000    0.00000    3.40000    -1.06833   0.08011    34.28572
C-G        0.00000    0.00000    0.00000    0.00000    0.00000    0.00000    0.00000    -0.00000   3.40000    -0.83762   0.66797    34.28572
C-G        0.00000    0.00000    0.00000    0.00000    0.00000    0.00000    0.00000    -0.00000   3.40000    -0.31575   1.02373    34.28572
G-C        0.00000    0.00000    0.00000    0.00000    0.00000    0.00000    -0.00000   -0.00000   3.40000    0.31580    1.02371    34.28572
A-T        0.00000    0.00000    0.00000    0.00000    0.00000    0.00000    -0.00000   -0.00000   3.40000    0.83764    0.66792    34.28572
T-A        0.00000    0.00000    0.00000    0.00000    0.00000    0.00000    -0.00000   -0.00000   3.40000    1.06830    0.08006    34.28572
A-T        0.00000    0.00000    0.00000    0.00000    0.00000    0.00000    -0.00000   0.00000    3.40000    0.92778    -0.53567   34.28572
T-A        0.00000    0.00000    0.00000    0.00000    0.00000    0.00000    -0.00000   0.00000    3.40000    0.46481    -0.96521   34.28572
C-G        0.00000    0.00000    0.00000    0.00000    0.00000    0.00000    0.00000    0.00000    3.40000    -0.15971   -1.05936   34.28572
A-T        0.00000    0.00000    0.00000    0.00000    0.00000    0.00000    0.00000    0.00000    3.40000    -0.72873   -0.78527   34.28572
C-G        0.00000    0.00000    0.00000    0.00000    0.00000    0.00000    0.00000    0.00000    3.40000    -1.04446   -0.23833   34.28572
C-G        0.00000    0.00000    0.00000    0.00000    0.00000    0.00000    0.00000    -0.00000   3.40000    -0.99723   0.39139    34.28572
G-C        0.00000    0.00000    0.00000    0.00000    0.00000    0.00000    0.00000    -0.00000   3.40000    -0.60346   0.88518    34.28572
A-T        0.00000    0.00000    0.00000    0.00000    0.00000    0.00000    0.00000    0.00000    3.40000    -0.00003   1.07135    34.28571
