337 # base pairs
  0 # ***local base-pair & step parameters***
#          Shear      Stretch    Stagger    Buckle     Prop-Tw    Opening    Shift      Slide      Rise       Tilt       Roll       Twist
A-T        0.00000    0.00000    0.00000    0.00000    0.00000    0.00000    0.00000    0.00000    0.00000    0.00000    0.00000    0.00000
A-T        0.00000    0.00000    0.00000    0.00000    0.00000    0.00000    -0.01778   -0.04671   3.26311    -1.40390   2.18056    34.46208
A-T        0.00000    0.00000    0.00000    0.00000    0.00000    0.00000    -0.00895   -0.04823   3.26689    -1.09977   2.04336    34.49965
C-G        0.00000    0.00000    0.00000    0.00000    0.00000    0.00000    0.13265    -0.57943   3.34584    0.29689    1.07769    31.17782
G-C        0.00000    0.00000    0.00000    0.00000    0.00000    0.00000    0.07317    0.41150    3.38881    0.86150    5.37368    35.99419
C-G        0.00000    0.00000    0.00000    0.00000    0.00000    0.00000    0.03983    -0.34240   3.40670    0.57564    -0.32595   33.74066
G-C        0.00000    0.00000    0.00000    0.00000    0.00000    0.00000    0.01882    0.40173    3.39536    0.23221    4.17362    36.70461
C-G        0.00000    0.00000    0.00000    0.00000    0.00000    0.00000    -0.01770   -0.32117   3.41020    -0.24790   -0.65080   33.86842
G-C        0.00000    0.00000    0.00000    0.00000    0.00000    0.00000    -0.06009   0.40658    3.39253    -0.70054   4.69195    36.39839
A-T        0.00000    0.00000    0.00000    0.00000    0.00000    0.00000    -0.29767   0.11418    3.35111    -2.20084   1.96636    36.13944
G-C        0.00000    0.00000    0.00000    0.00000    0.00000    0.00000    0.06880    -0.24765   3.32370    -2.18635   4.93904    31.72079
G-C        0.00000    0.00000    0.00000    0.00000    0.00000    0.00000    -0.01834   -0.25068   3.39939    -0.57121   4.58997    32.51476
C-G        0.00000    0.00000    0.00000    0.00000    0.00000    0.00000    0.01005    -0.44945   3.38810    0.13847    1.33823    33.06586
A-T        0.00000    0.00000    0.00000    0.00000    0.00000    0.00000    0.09765    0.44327    3.32589    0.89220    5.62274    36.70616
G-C        0.00000    0.00000    0.00000    0.00000    0.00000    0.00000    0.13527    -0.25584   3.35386    -1.19519   4.48109    31.70472
C-G        0.00000    0.00000    0.00000    0.00000    0.00000    0.00000    0.04666    -0.35842   3.40394    0.67176    -0.07329   33.65082
T-A        0.00000    0.00000    0.00000    0.00000    0.00000    0.00000    0.29735    0.09834    3.36460    1.66611    1.49733    36.38809
G-C        0.00000    0.00000    0.00000    0.00000    0.00000    0.00000    -0.13040   -0.49750   3.35821    0.04820    -0.51394   32.02108
T-A        0.00000    0.00000    0.00000    0.00000    0.00000    0.00000    -0.08832   0.53592    3.33244    -0.81955   4.09215    37.48190
A-T        0.00000    0.00000    0.00000    0.00000    0.00000    0.00000    -0.01450   0.06443    3.41817    -0.32641   2.80621    37.82467
T-A        0.00000    0.00000    0.00000    0.00000    0.00000    0.00000    -0.01281   -0.58991   3.30584    -0.28308   1.51129    29.00663
G-C        0.00000    0.00000    0.00000    0.00000    0.00000    0.00000    -0.13649   -0.66587   3.35637    -0.26096   1.66006    30.91538
G-C        0.00000    0.00000    0.00000    0.00000    0.00000    0.00000    -0.01029   -0.24997   3.40280    -0.44493   4.59292    32.58327
C-G        0.00000    0.00000    0.00000    0.00000    0.00000    0.00000    0.01979    -0.44372   3.38912    0.27957    1.25776    33.12697
A-T        0.00000    0.00000    0.00000    0.00000    0.00000    0.00000    0.09957    0.46503    3.32580    0.98542    5.38760    36.92347
T-A        0.00000    0.00000    0.00000    0.00000    0.00000    0.00000    0.01351    -0.59061   3.30878    0.29653    1.12003    29.21807
G-C        0.00000    0.00000    0.00000    0.00000    0.00000    0.00000    -0.11819   -0.55089   3.36160    0.64578    0.14009    31.40865
A-T        0.00000    0.00000    0.00000    0.00000    0.00000    0.00000    -0.27463   0.06830    3.39982    -1.21510   0.70707    36.57130
A-T        0.00000    0.00000    0.00000    0.00000    0.00000    0.00000    -0.03736   -0.11109   3.27461    -1.53787   -0.58891   35.49969
A-T        0.00000    0.00000    0.00000    0.00000    0.00000    0.00000    -0.04371   -0.10344   3.27012    -1.79639   -0.19579   35.37277
G-C        0.00000    0.00000    0.00000    0.00000    0.00000    0.00000    0.06301    -0.24239   3.32431    -2.16779   4.55022    31.81471
A-T        0.00000    0.00000    0.00000    0.00000    0.00000    0.00000    -0.29079   0.11054    3.33985    -2.11200   2.53488    35.90775
G-C        0.00000    0.00000    0.00000    0.00000    0.00000    0.00000    0.08635    -0.25061   3.32738    -2.03649   5.04569    31.59519
T-A        0.00000    0.00000    0.00000    0.00000    0.00000    0.00000    -0.09071   0.52453    3.31806    -0.42585   5.48815    36.80280
T-A        0.00000    0.00000    0.00000    0.00000    0.00000    0.00000    0.02880    -0.05779   3.26216    1.68535    1.77335    34.61538
C-G        0.00000    0.00000    0.00000    0.00000    0.00000    0.00000    -0.07690   -0.22906   3.31387    2.34960    4.91584    31.58337
T-A        0.00000    0.00000    0.00000    0.00000    0.00000    0.00000    0.30672    0.09800    3.35581    1.92720    1.85183    36.25532
T-A        0.00000    0.00000    0.00000    0.00000    0.00000    0.00000    0.04165    -0.10729   3.27174    1.71840    -0.37206   35.42956
C-G        0.00000    0.00000    0.00000    0.00000    0.00000    0.00000    -0.08681   -0.26108   3.36518    1.71024    3.20607    32.17445
C-G        0.00000    0.00000    0.00000    0.00000    0.00000    0.00000    -0.12547   -0.19476   3.43851    -0.39036   2.67774    32.91573
C-G        0.00000    0.00000    0.00000    0.00000    0.00000    0.00000    -0.12366   -0.20311   3.43958    -0.53793   3.00222    32.90088
G-C        0.00000    0.00000    0.00000    0.00000    0.00000    0.00000    -0.06849   0.41638    3.38606    -0.80543   5.70967    35.71238
G-C        0.00000    0.00000    0.00000    0.00000    0.00000    0.00000    -0.02011   -0.24702   3.39644    -0.73157   4.38529    32.39252
A-T        0.00000    0.00000    0.00000    0.00000    0.00000    0.00000    -0.27359   0.09490    3.33434    -1.65606   3.24945    35.68849
A-T        0.00000    0.00000    0.00000    0.00000    0.00000    0.00000    -0.00909   -0.04873   3.26643    -1.15109   2.03968    34.46319
A-T        0.00000    0.00000    0.00000    0.00000    0.00000    0.00000    -0.00496   -0.05889   3.27088    -0.94160   1.54649    34.63396
A-T        0.00000    0.00000    0.00000    0.00000    0.00000    0.00000    -0.00686   -0.07609   3.27493    -0.88820   0.78948    34.90409
C-G        0.00000    0.00000    0.00000    0.00000    0.00000    0.00000    0.12794    -0.57514   3.35664    0.29783    0.31329    31.47662
G-C        0.00000    0.00000    0.00000    0.00000    0.00000    0.00000    0.02497    0.40595    3.39273    0.29461    4.37713    36.44826
C-G        0.00000    0.00000    0.00000    0.00000    0.00000    0.00000    -0.01148   -0.32818   3.40912    -0.16380   -0.58453   33.72224
G-C        0.00000    0.00000    0.00000    0.00000    0.00000    0.00000    -0.05154   0.40890    3.39086    -0.60473   4.71906    36.24586
G-C        0.00000    0.00000    0.00000    0.00000    0.00000    0.00000    0.00895    -0.22844   3.40183    -0.72498   3.68195    32.41038
T-A        0.00000    0.00000    0.00000    0.00000    0.00000    0.00000    -0.09044   0.53029    3.31498    -0.87473   5.07713    36.86754
G-C        0.00000    0.00000    0.00000    0.00000    0.00000    0.00000    -0.13137   -0.70483   3.35478    -0.05593   1.87148    30.38879
G-C        0.00000    0.00000    0.00000    0.00000    0.00000    0.00000    0.00818    -0.24927   3.40563    -0.30838   4.49494    32.37654
A-T        0.00000    0.00000    0.00000    0.00000    0.00000    0.00000    -0.25780   0.07016    3.35101    -1.11721   2.98390    35.74447
A-T        0.00000    0.00000    0.00000    0.00000    0.00000    0.00000    -0.00289   -0.06641   3.27276    -0.90171   1.22773    34.69811
T-A        0.00000    0.00000    0.00000    0.00000    0.00000    0.00000    0.01237    -0.59198   3.30748    0.26926    0.94899    29.14631
A-T        0.00000    0.00000    0.00000    0.00000    0.00000    0.00000    0.00923    0.08734    3.41549    0.20796    1.98937    37.88296
T-A        0.00000    0.00000    0.00000    0.00000    0.00000    0.00000    0.00162    -0.59335   3.31257    0.03502    0.16801    29.51995
T-A        0.00000    0.00000    0.00000    0.00000    0.00000    0.00000    0.02131    -0.10443   3.27684    1.21160    -0.34519   35.30506
T-A        0.00000    0.00000    0.00000    0.00000    0.00000    0.00000    0.01158    -0.09047   3.27678    0.97489    0.19561    35.10515
C-G        0.00000    0.00000    0.00000    0.00000    0.00000    0.00000    -0.11467   -0.28330   3.34686    1.06290    4.66165    31.66893
G-C        0.00000    0.00000    0.00000    0.00000    0.00000    0.00000    -0.05279   0.42381    3.38120    -0.61882   6.34648    35.21638
T-A        0.00000    0.00000    0.00000    0.00000    0.00000    0.00000    -0.09008   0.52569    3.31446    -0.58139   5.45680    36.69765
T-A        0.00000    0.00000    0.00000    0.00000    0.00000    0.00000    0.01763    -0.05181   3.26275    1.51579    2.01945    34.42252
T-A        0.00000    0.00000    0.00000    0.00000    0.00000    0.00000    0.02744    -0.06469   3.26265    1.74941    1.52027    34.61392
C-G        0.00000    0.00000    0.00000    0.00000    0.00000    0.00000    -0.07913   -0.23653   3.31810    2.34041    4.60501    31.53809
C-G        0.00000    0.00000    0.00000    0.00000    0.00000    0.00000    -0.03936   -0.21732   3.40904    0.54762    3.27192    32.41230
T-A        0.00000    0.00000    0.00000    0.00000    0.00000    0.00000    0.27913    0.09923    3.36552    1.56221    1.49052    36.17737
A-T        0.00000    0.00000    0.00000    0.00000    0.00000    0.00000    -0.00342   0.10341    3.41704    -0.07957   1.54963    38.04809
C-G        0.00000    0.00000    0.00000    0.00000    0.00000    0.00000    0.12353    -0.58112   3.36868    -0.39530   0.34713    31.50577
T-A        0.00000    0.00000    0.00000    0.00000    0.00000    0.00000    0.22749    0.08752    3.38273    0.97660    1.74662    35.98765
A-T        0.00000    0.00000    0.00000    0.00000    0.00000    0.00000    -0.01239   -0.00041   3.40880    -0.27768   4.44191    37.04819
C-G        0.00000    0.00000    0.00000    0.00000    0.00000    0.00000    0.12841    -0.58662   3.35060    -0.31849   1.44093    30.96608
G-C        0.00000    0.00000    0.00000    0.00000    0.00000    0.00000    0.00866    0.42734    3.37895    0.10599    6.80849    34.96701
A-T        0.00000    0.00000    0.00000    0.00000    0.00000    0.00000    -0.25721   0.06876    3.35403    -1.06514   2.91242    35.78755
C-G        0.00000    0.00000    0.00000    0.00000    0.00000    0.00000    0.13020    -0.57806   3.34693    0.33203    0.88929    31.16820
T-A        0.00000    0.00000    0.00000    0.00000    0.00000    0.00000    0.29903    0.09901    3.35550    1.89746    1.84187    36.14894
A-T        0.00000    0.00000    0.00000    0.00000    0.00000    0.00000    0.00764    0.09735    3.41703    0.16860    1.74292    38.00585
C-G        0.00000    0.00000    0.00000    0.00000    0.00000    0.00000    0.12442    -0.57681   3.36715    -0.07518   0.05707    31.61363
T-A        0.00000    0.00000    0.00000    0.00000    0.00000    0.00000    0.24467    0.09308    3.38003    1.08661    1.42876    36.13573
A-T        0.00000    0.00000    0.00000    0.00000    0.00000    0.00000    -0.01382   0.05569    3.41403    -0.31286   2.90075    37.61849
T-A        0.00000    0.00000    0.00000    0.00000    0.00000    0.00000    -0.01260   -0.59082   3.30388    -0.27289   1.55440    28.87877
C-G        0.00000    0.00000    0.00000    0.00000    0.00000    0.00000    -0.11317   -0.27158   3.32260    1.28105    5.55006    31.36085
A-T        0.00000    0.00000    0.00000    0.00000    0.00000    0.00000    0.08377    0.39161    3.32683    0.29579    6.03419    35.95464
G-C        0.00000    0.00000    0.00000    0.00000    0.00000    0.00000    0.12836    -0.25470   3.34077    -1.54618   4.94146    31.42473
C-G        0.00000    0.00000    0.00000    0.00000    0.00000    0.00000    0.04175    -0.42108   3.39294    0.60034    0.85246    33.11475
C-G        0.00000    0.00000    0.00000    0.00000    0.00000    0.00000    -0.00502   -0.23025   3.40039    0.75293    3.74601    32.36928
G-C        0.00000    0.00000    0.00000    0.00000    0.00000    0.00000    0.05561    0.41007    3.39021    0.64858    4.78655    36.18361
G-C        0.00000    0.00000    0.00000    0.00000    0.00000    0.00000    0.12124    -0.19519   3.43508    0.26593    2.62948    32.77490
A-T        0.00000    0.00000    0.00000    0.00000    0.00000    0.00000    -0.28600   0.08298    3.38799    -1.68999   0.68993    36.46443
A-T        0.00000    0.00000    0.00000    0.00000    0.00000    0.00000    -0.04101   -0.10117   3.26924    -1.81778   -0.05928   35.27623
G-C        0.00000    0.00000    0.00000    0.00000    0.00000    0.00000    0.06806    -0.24262   3.32317    -2.17625   4.61276    31.72054
C-G        0.00000    0.00000    0.00000    0.00000    0.00000    0.00000    -0.04286   -0.42131   3.39308    -0.61178   0.85629    33.13350
C-G        0.00000    0.00000    0.00000    0.00000    0.00000    0.00000    -0.03255   -0.24396   3.41375    0.04022    4.35113    32.49964
T-A        0.00000    0.00000    0.00000    0.00000    0.00000    0.00000    0.26280    0.08744    3.36167    1.65240    2.47623    35.85226
A-T        0.00000    0.00000    0.00000    0.00000    0.00000    0.00000    0.00987    -0.01723   3.40721    0.22772    4.91926    36.87408
T-A        0.00000    0.00000    0.00000    0.00000    0.00000    0.00000    0.01291    -0.59087   3.30421    0.28338    1.47256    28.90611
G-C        0.00000    0.00000    0.00000    0.00000    0.00000    0.00000    -0.11432   -0.59887   3.35958    0.75656    0.51485    30.85776
T-A        0.00000    0.00000    0.00000    0.00000    0.00000    0.00000    -0.08286   0.53017    3.33926    -0.26177   4.23217    37.35020
A-T        0.00000    0.00000    0.00000    0.00000    0.00000    0.00000    0.00063    0.10921    3.41779    0.00679    1.40119    38.11490
C-G        0.00000    0.00000    0.00000    0.00000    0.00000    0.00000    0.12371    -0.57953   3.36958    -0.30827   0.18473    31.57976
C-G        0.00000    0.00000    0.00000    0.00000    0.00000    0.00000    -0.12483   -0.20620   3.43819    -0.52409   3.03021    32.73283
G-C        0.00000    0.00000    0.00000    0.00000    0.00000    0.00000    -0.06862   0.41942    3.38375    -0.80351   5.83701    35.50029
A-T        0.00000    0.00000    0.00000    0.00000    0.00000    0.00000    -0.28178   0.10163    3.33155    -1.96949   2.97008    35.66388
G-C        0.00000    0.00000    0.00000    0.00000    0.00000    0.00000    0.10703    -0.25215   3.33111    -1.86327   5.08338    31.42648
T-A        0.00000    0.00000    0.00000    0.00000    0.00000    0.00000    -0.08905   0.52327    3.32046    -0.26654   5.46645    36.75573
T-A        0.00000    0.00000    0.00000    0.00000    0.00000    0.00000    0.03215    -0.06729   3.26241    1.81911    1.40459    34.70355
C-G        0.00000    0.00000    0.00000    0.00000    0.00000    0.00000    -0.07537   -0.23260   3.32199    2.38462    4.42800    31.65156
C-G        0.00000    0.00000    0.00000    0.00000    0.00000    0.00000    -0.04528   -0.21217   3.41159    0.50464    3.14144    32.53062
G-C        0.00000    0.00000    0.00000    0.00000    0.00000    0.00000    0.02163    0.40531    3.39318    0.24310    4.27693    36.50466
A-T        0.00000    0.00000    0.00000    0.00000    0.00000    0.00000    -0.28733   0.08459    3.38732    -1.73662   0.67178    36.46839
C-G        0.00000    0.00000    0.00000    0.00000    0.00000    0.00000    0.12408    -0.58160   3.36992    -0.44663   0.35466    31.54377
A-T        0.00000    0.00000    0.00000    0.00000    0.00000    0.00000    0.07396    0.48998    3.33065    -0.21106   4.82910    36.53336
C-G        0.00000    0.00000    0.00000    0.00000    0.00000    0.00000    0.12655    -0.58706   3.35776    -0.50992   1.22011    31.11611
T-A        0.00000    0.00000    0.00000    0.00000    0.00000    0.00000    0.24341    0.08440    3.37032    1.37046    2.38640    35.84565
T-A        0.00000    0.00000    0.00000    0.00000    0.00000    0.00000    0.01498    -0.04728   3.26275    1.43334    2.18922    34.38225
T-A        0.00000    0.00000    0.00000    0.00000    0.00000    0.00000    0.02612    -0.05826   3.26171    1.71777    1.77856    34.54441
C-G        0.00000    0.00000    0.00000    0.00000    0.00000    0.00000    -0.07780   -0.23116   3.31236    2.38885    4.85795    31.49956
A-T        0.00000    0.00000    0.00000    0.00000    0.00000    0.00000    0.09927    0.53244    3.32272    1.04564    4.28427    37.26802
T-A        0.00000    0.00000    0.00000    0.00000    0.00000    0.00000    0.00797    -0.59287   3.31283    0.16418    0.21652    29.53605
T-A        0.00000    0.00000    0.00000    0.00000    0.00000    0.00000    0.03173    -0.11191   3.27589    1.43028    -0.63157   35.45450
G-C        0.00000    0.00000    0.00000    0.00000    0.00000    0.00000    -0.13507   -0.53227   3.35446    -0.25573   -0.27010   31.76008
A-T        0.00000    0.00000    0.00000    0.00000    0.00000    0.00000    -0.29657   0.10549    3.36129    -2.16634   1.45387    36.21826
G-C        0.00000    0.00000    0.00000    0.00000    0.00000    0.00000    0.06642    -0.24427   3.32153    -2.23177   4.77716    31.69182
A-T        0.00000    0.00000    0.00000    0.00000    0.00000    0.00000    -0.28408   0.10581    3.33117    -1.99445   3.02370    35.71966
A-T        0.00000    0.00000    0.00000    0.00000    0.00000    0.00000    -0.01649   -0.04574   3.26289    -1.40598   2.23171    34.40085
A-T        0.00000    0.00000    0.00000    0.00000    0.00000    0.00000    -0.00740   -0.04654   3.26665    -1.09489   2.10916    34.43294
G-C        0.00000    0.00000    0.00000    0.00000    0.00000    0.00000    0.13747    -0.25633   3.35044    -1.27332   4.69612    31.57638
A-T        0.00000    0.00000    0.00000    0.00000    0.00000    0.00000    -0.25645   0.05693    3.38524    -0.77928   1.83303    36.23570
T-A        0.00000    0.00000    0.00000    0.00000    0.00000    0.00000    0.01199    -0.59193   3.31245    0.25431    0.43558    29.49876
G-C        0.00000    0.00000    0.00000    0.00000    0.00000    0.00000    -0.12262   -0.51393   3.35871    0.35860    -0.42740   31.70701
C-G        0.00000    0.00000    0.00000    0.00000    0.00000    0.00000    -0.00919   -0.31932   3.41059    -0.13955   -0.71080   33.80744
C-G        0.00000    0.00000    0.00000    0.00000    0.00000    0.00000    -0.13440   -0.19589   3.44131    -0.51803   2.69888    32.88736
T-A        0.00000    0.00000    0.00000    0.00000    0.00000    0.00000    0.22934    0.08665    3.38554    0.91666    1.66786    36.08778
C-G        0.00000    0.00000    0.00000    0.00000    0.00000    0.00000    -0.11686   -0.28135   3.33875    1.03338    5.10473    31.57577
A-T        0.00000    0.00000    0.00000    0.00000    0.00000    0.00000    0.07839    0.40421    3.32938    0.01535    5.95390    36.00175
G-C        0.00000    0.00000    0.00000    0.00000    0.00000    0.00000    0.10977    -0.25402   3.33372    -1.79501   5.11185    31.46028
C-G        0.00000    0.00000    0.00000    0.00000    0.00000    0.00000    0.02932    -0.44594   3.38852    0.42699    1.25819    33.00528
T-A        0.00000    0.00000    0.00000    0.00000    0.00000    0.00000    0.30054    0.09545    3.35085    2.03818    2.26305    36.03940
C-G        0.00000    0.00000    0.00000    0.00000    0.00000    0.00000    -0.07253   -0.23039   3.32539    2.42371    4.25511    31.73642
T-A        0.00000    0.00000    0.00000    0.00000    0.00000    0.00000    0.29942    0.10040    3.36020    1.77200    1.56674    36.28404
G-C        0.00000    0.00000    0.00000    0.00000    0.00000    0.00000    -0.12555   -0.50921   3.35738    0.20466    -0.53139   31.77249
T-A        0.00000    0.00000    0.00000    0.00000    0.00000    0.00000    -0.08542   0.53553    3.33372    -0.77227   4.00090    37.44911
T-A        0.00000    0.00000    0.00000    0.00000    0.00000    0.00000    0.01120    -0.09186   3.27773    0.91129    0.12014    35.15395
A-T        0.00000    0.00000    0.00000    0.00000    0.00000    0.00000    -0.01625   0.02631    3.41296    -0.36519   3.75239    37.38781
C-G        0.00000    0.00000    0.00000    0.00000    0.00000    0.00000    0.12771    -0.58760   3.35585    -0.49723   1.35620    31.08712
A-T        0.00000    0.00000    0.00000    0.00000    0.00000    0.00000    0.08303    0.39510    3.32874    0.23121    6.14663    36.05434
G-C        0.00000    0.00000    0.00000    0.00000    0.00000    0.00000    0.12060    -0.25622   3.34013    -1.60029   5.04006    31.49942
G-C        0.00000    0.00000    0.00000    0.00000    0.00000    0.00000    0.06552    -0.23213   3.42546    0.30979    4.05515    32.74633
T-A        0.00000    0.00000    0.00000    0.00000    0.00000    0.00000    -0.08605   0.52531    3.33707    0.01321    4.80035    37.22849
C-G        0.00000    0.00000    0.00000    0.00000    0.00000    0.00000    -0.06880   -0.23083   3.34221    2.33756    3.67652    32.05843
A-T        0.00000    0.00000    0.00000    0.00000    0.00000    0.00000    0.09597    0.62560    3.32731    0.80183    3.39336    38.04888
C-G        0.00000    0.00000    0.00000    0.00000    0.00000    0.00000    0.12633    -0.57617   3.37349    -0.17492   -0.11117   31.88173
T-A        0.00000    0.00000    0.00000    0.00000    0.00000    0.00000    0.25057    0.08964    3.38602    0.97629    1.37418    36.37038
A-T        0.00000    0.00000    0.00000    0.00000    0.00000    0.00000    -0.01691   0.05657    3.42043    -0.38194   3.09054    37.86585
A-T        0.00000    0.00000    0.00000    0.00000    0.00000    0.00000    -0.04212   -0.06499   3.26147    -1.87888   1.47543    34.85317
T-A        0.00000    0.00000    0.00000    0.00000    0.00000    0.00000    -0.00763   -0.58802   3.30244    -0.15520   2.26269    28.74656
A-T        0.00000    0.00000    0.00000    0.00000    0.00000    0.00000    0.00124    -0.03466   3.41346    0.03822    5.67181    36.99129
C-G        0.00000    0.00000    0.00000    0.00000    0.00000    0.00000    0.13424    -0.58084   3.34494    0.20058    1.32578    31.17411
C-G        0.00000    0.00000    0.00000    0.00000    0.00000    0.00000    0.02913    -0.23773   3.39610    0.87721    4.17273    32.70891
A-T        0.00000    0.00000    0.00000    0.00000    0.00000    0.00000    0.10538    0.57687    3.32642    1.23414    4.20523    37.95590
T-A        0.00000    0.00000    0.00000    0.00000    0.00000    0.00000    0.01035    -0.59126   3.31796    0.21567    0.03730    29.87630
C-G        0.00000    0.00000    0.00000    0.00000    0.00000    0.00000    -0.07776   -0.25074   3.37282    1.79669    2.92160    32.45304
T-A        0.00000    0.00000    0.00000    0.00000    0.00000    0.00000    0.27212    0.09201    3.38318    1.12449    1.25478    36.56526
A-T        0.00000    0.00000    0.00000    0.00000    0.00000    0.00000    -0.01530   0.09427    3.42699    -0.34805   2.16856    38.36000
A-T        0.00000    0.00000    0.00000    0.00000    0.00000    0.00000    -0.05264   -0.07873   3.26312    -1.98618   0.87770    35.16771
G-C        0.00000    0.00000    0.00000    0.00000    0.00000    0.00000    0.05093    -0.25123   3.32521    -2.23793   5.02927    31.97202
T-A        0.00000    0.00000    0.00000    0.00000    0.00000    0.00000    -0.09612   0.52632    3.31796    -0.55811   5.49949    37.01455
A-T        0.00000    0.00000    0.00000    0.00000    0.00000    0.00000    0.00686    -0.02034   3.41816    0.16192    5.40859    37.25895
G-C        0.00000    0.00000    0.00000    0.00000    0.00000    0.00000    0.11786    -0.25994   3.35427    -1.27650   4.68947    31.92701
T-A        0.00000    0.00000    0.00000    0.00000    0.00000    0.00000    -0.08926   0.52691    3.34304    0.03199    4.62387    37.57598
T-A        0.00000    0.00000    0.00000    0.00000    0.00000    0.00000    0.06041    -0.10827   3.27022    1.90146    -0.46944   35.72813
G-C        0.00000    0.00000    0.00000    0.00000    0.00000    0.00000    -0.12907   -0.43818   3.36391    0.18708    -0.78254   32.69971
A-T        0.00000    0.00000    0.00000    0.00000    0.00000    0.00000    -0.29811   0.09852    3.40188    -1.71915   0.34060    36.96151
T-A        0.00000    0.00000    0.00000    0.00000    0.00000    0.00000    -0.01199   -0.59036   3.31907    -0.26433   0.15362    29.94018
T-A        0.00000    0.00000    0.00000    0.00000    0.00000    0.00000    0.01941    -0.08167   3.27698    0.83245    0.44791    35.29894
C-G        0.00000    0.00000    0.00000    0.00000    0.00000    0.00000    -0.10863   -0.26655   3.34616    0.99294    5.12602    31.95176
A-T        0.00000    0.00000    0.00000    0.00000    0.00000    0.00000    0.08408    0.46257    3.33523    0.14311    5.88360    36.87710
T-A        0.00000    0.00000    0.00000    0.00000    0.00000    0.00000    0.00063    -0.58677   3.30376    0.02159    2.35987    28.82613
A-T        0.00000    0.00000    0.00000    0.00000    0.00000    0.00000    0.01021    -0.00985   3.41994    0.23396    5.15226    37.39535
G-C        0.00000    0.00000    0.00000    0.00000    0.00000    0.00000    0.11914    -0.25970   3.35718    -1.19686   4.55232    31.99614
T-A        0.00000    0.00000    0.00000    0.00000    0.00000    0.00000    -0.08885   0.52819    3.34578    0.00645    4.42962    37.69081
G-C        0.00000    0.00000    0.00000    0.00000    0.00000    0.00000    -0.12433   -0.45195   3.36605    0.43911    -0.53787   32.54927
A-T        0.00000    0.00000    0.00000    0.00000    0.00000    0.00000    -0.29035   0.08734    3.41110    -1.41396   0.24991    37.03222
C-G        0.00000    0.00000    0.00000    0.00000    0.00000    0.00000    0.12831    -0.57689   3.37852    -0.32704   -0.10827   32.09593
T-A        0.00000    0.00000    0.00000    0.00000    0.00000    0.00000    0.25890    0.08499    3.39032    0.92708    1.46036    36.59386
G-C        0.00000    0.00000    0.00000    0.00000    0.00000    0.00000    -0.14872   -0.54580   3.35964    -0.69974   0.70274    32.31093
C-G        0.00000    0.00000    0.00000    0.00000    0.00000    0.00000    -0.04427   -0.41562   3.39368    -0.62950   0.96406    33.66168
A-T        0.00000    0.00000    0.00000    0.00000    0.00000    0.00000    0.08916    0.47427    3.33583    0.34848    5.92587    37.14812
T-A        0.00000    0.00000    0.00000    0.00000    0.00000    0.00000    0.00470    -0.58621   3.30628    0.10643    2.21871    28.99530
A-T        0.00000    0.00000    0.00000    0.00000    0.00000    0.00000    0.01341    0.01356    3.42520    0.30188    4.62100    37.74573
T-A        0.00000    0.00000    0.00000    0.00000    0.00000    0.00000    0.01579    -0.58802   3.31419    0.33927    1.07068    29.57207
G-C        0.00000    0.00000    0.00000    0.00000    0.00000    0.00000    -0.12020   -0.48771   3.36773    0.65882    -0.03726   32.23596
T-A        0.00000    0.00000    0.00000    0.00000    0.00000    0.00000    -0.08824   0.53333    3.34906    -0.26769   3.88466    37.93180
T-A        0.00000    0.00000    0.00000    0.00000    0.00000    0.00000    0.04802    -0.11819   3.27790    1.40128    -1.01823   35.92657
G-C        0.00000    0.00000    0.00000    0.00000    0.00000    0.00000    -0.14461   -0.44114   3.36140    -0.50884   -0.58684   33.03334
T-A        0.00000    0.00000    0.00000    0.00000    0.00000    0.00000    -0.09563   0.53686    3.32865    -1.01237   4.33396    37.65619
G-C        0.00000    0.00000    0.00000    0.00000    0.00000    0.00000    -0.14824   -0.56254   3.36047    -0.65891   0.98539    32.21212
T-A        0.00000    0.00000    0.00000    0.00000    0.00000    0.00000    -0.09827   0.52962    3.31900    -0.75589   5.28295    37.22596
T-A        0.00000    0.00000    0.00000    0.00000    0.00000    0.00000    0.02959    -0.04403   3.26342    1.36519    2.18272    34.72871
T-A        0.00000    0.00000    0.00000    0.00000    0.00000    0.00000    0.04220    -0.05286   3.26116    1.71711    1.88827    34.85057
T-A        0.00000    0.00000    0.00000    0.00000    0.00000    0.00000    0.05375    -0.07206   3.26213    1.96668    1.12302    35.13682
A-T        0.00000    0.00000    0.00000    0.00000    0.00000    0.00000    0.01716    0.08697    3.42901    0.38262    2.49035    38.38217
C-G        0.00000    0.00000    0.00000    0.00000    0.00000    0.00000    0.13167    -0.57204   3.36667    0.27681    -0.08926   31.99522
A-T        0.00000    0.00000    0.00000    0.00000    0.00000    0.00000    0.09475    0.67666    3.33198    0.67029    3.11436    38.60862
G-C        0.00000    0.00000    0.00000    0.00000    0.00000    0.00000    0.04944    -0.24264   3.33637    -1.91993   3.99597    32.32497
T-A        0.00000    0.00000    0.00000    0.00000    0.00000    0.00000    -0.09305   0.53704    3.32822    -1.02291   4.24954    37.56423
A-T        0.00000    0.00000    0.00000    0.00000    0.00000    0.00000    -0.01754   0.03377    3.42173    -0.39220   3.85911    37.75828
T-A        0.00000    0.00000    0.00000    0.00000    0.00000    0.00000    -0.01122   -0.58771   3.30478    -0.24055   2.07512    28.91012
T-A        0.00000    0.00000    0.00000    0.00000    0.00000    0.00000    0.01867    -0.04132   3.26412    1.23602    2.31648    34.54355
A-T        0.00000    0.00000    0.00000    0.00000    0.00000    0.00000    0.00766    -0.02682   3.41604    0.17309    5.52734    37.14009
T-A        0.00000    0.00000    0.00000    0.00000    0.00000    0.00000    0.01405    -0.58819   3.30670    0.30432    1.78104    29.05150
G-C        0.00000    0.00000    0.00000    0.00000    0.00000    0.00000    -0.11532   -0.57218   3.36569    0.84519    0.73582    31.36946
T-A        0.00000    0.00000    0.00000    0.00000    0.00000    0.00000    -0.08629   0.52928    3.34617    -0.05711   4.22706    37.64913
A-T        0.00000    0.00000    0.00000    0.00000    0.00000    0.00000    0.00596    0.14125    3.43019    0.13226    0.85734    38.79214
G-C        0.00000    0.00000    0.00000    0.00000    0.00000    0.00000    0.06726    -0.24234   3.34022    -1.74786   3.89124    32.20936
T-A        0.00000    0.00000    0.00000    0.00000    0.00000    0.00000    -0.09053   0.53734    3.33088    -0.96959   4.07720    37.57035
C-G        0.00000    0.00000    0.00000    0.00000    0.00000    0.00000    -0.11364   -0.28325   3.36063    0.87547    4.38887    31.97640
T-A        0.00000    0.00000    0.00000    0.00000    0.00000    0.00000    0.23545    0.08109    3.38310    1.03093    2.11635    36.09281
G-C        0.00000    0.00000    0.00000    0.00000    0.00000    0.00000    -0.13604   -0.68672   3.35796    -0.17918   2.05244    30.81623
T-A        0.00000    0.00000    0.00000    0.00000    0.00000    0.00000    -0.09308   0.52381    3.31815    -0.37270   5.62110    36.85679
T-A        0.00000    0.00000    0.00000    0.00000    0.00000    0.00000    0.03590    -0.05468   3.26033    1.79106    1.89693    34.67029
T-A        0.00000    0.00000    0.00000    0.00000    0.00000    0.00000    0.04668    -0.07643   3.26227    2.00043    1.01128    34.99854
T-A        0.00000    0.00000    0.00000    0.00000    0.00000    0.00000    0.05083    -0.09952   3.26696    1.99197    0.01439    35.35183
T-A        0.00000    0.00000    0.00000    0.00000    0.00000    0.00000    0.04675    -0.11546   3.27275    1.76364    -0.72839   35.60182
T-A        0.00000    0.00000    0.00000    0.00000    0.00000    0.00000    0.03610    -0.11818   3.27749    1.39836    -0.93709   35.65909
A-T        0.00000    0.00000    0.00000    0.00000    0.00000    0.00000    -0.01215   0.11459    3.42363    -0.27242   1.44703    38.37119
T-A        0.00000    0.00000    0.00000    0.00000    0.00000    0.00000    -0.01609   -0.59082   3.31147    -0.34890   0.77738    29.41922
G-C        0.00000    0.00000    0.00000    0.00000    0.00000    0.00000    -0.14468   -0.61268   3.35524    -0.61923   1.09322    31.50249
C-G        0.00000    0.00000    0.00000    0.00000    0.00000    0.00000    -0.04059   -0.43831   3.38974    -0.58163   1.21439    33.24808
A-T        0.00000    0.00000    0.00000    0.00000    0.00000    0.00000    0.08740    0.41437    3.33091    0.34848    6.20708    36.41977
A-T        0.00000    0.00000    0.00000    0.00000    0.00000    0.00000    -0.01008   -0.04338   3.26657    -1.04730   2.20549    34.50871
A-T        0.00000    0.00000    0.00000    0.00000    0.00000    0.00000    -0.00617   -0.05831   3.27224    -0.81320   1.50156    34.75507
A-T        0.00000    0.00000    0.00000    0.00000    0.00000    0.00000    -0.00988   -0.08092   3.27708    -0.78574   0.51907    35.10598
T-A        0.00000    0.00000    0.00000    0.00000    0.00000    0.00000    0.01253    -0.59181   3.31522    0.27337    0.21711    29.69318
C-G        0.00000    0.00000    0.00000    0.00000    0.00000    0.00000    -0.07630   -0.24918   3.36675    1.95375    2.95046    32.33275
T-A        0.00000    0.00000    0.00000    0.00000    0.00000    0.00000    0.27167    0.09472    3.37985    1.19264    1.21302    36.48256
A-T        0.00000    0.00000    0.00000    0.00000    0.00000    0.00000    -0.01460   0.10545    3.42490    -0.32658   1.77424    38.35600
A-T        0.00000    0.00000    0.00000    0.00000    0.00000    0.00000    -0.05235   -0.08490   3.26375    -2.02904   0.62864    35.19896
T-A        0.00000    0.00000    0.00000    0.00000    0.00000    0.00000    -0.01402   -0.58845   3.30584    -0.30499   1.80929    28.99509
T-A        0.00000    0.00000    0.00000    0.00000    0.00000    0.00000    0.01255    -0.04308   3.26630    1.07352    2.20918    34.53926
T-A        0.00000    0.00000    0.00000    0.00000    0.00000    0.00000    0.02319    -0.04203   3.26195    1.43335    2.34796    34.50334
A-T        0.00000    0.00000    0.00000    0.00000    0.00000    0.00000    0.01267    -0.01437   3.41520    0.28254    5.10715    37.19474
A-T        0.00000    0.00000    0.00000    0.00000    0.00000    0.00000    -0.00822   -0.06888   3.27481    -0.77629   1.02966    34.94479
T-A        0.00000    0.00000    0.00000    0.00000    0.00000    0.00000    0.01526    -0.59089   3.31357    0.33196    0.57144    29.56546
A-T        0.00000    0.00000    0.00000    0.00000    0.00000    0.00000    0.00998    0.12483    3.42597    0.22657    1.20961    38.52707
T-A        0.00000    0.00000    0.00000    0.00000    0.00000    0.00000    -0.00024   -0.59241   3.31901    -0.00161   -0.28274   29.96617
A-T        0.00000    0.00000    0.00000    0.00000    0.00000    0.00000    -0.01034   0.12465    3.42594    -0.22935   1.22235    38.52334
T-A        0.00000    0.00000    0.00000    0.00000    0.00000    0.00000    -0.01540   -0.59077   3.31350    -0.33240   0.58283    29.56027
T-A        0.00000    0.00000    0.00000    0.00000    0.00000    0.00000    0.00838    -0.06840   3.27473    0.77879    1.04221    34.94060
G-C        0.00000    0.00000    0.00000    0.00000    0.00000    0.00000    -0.14133   -0.64828   3.35758    -0.42795   1.67580    31.24948
A-T        0.00000    0.00000    0.00000    0.00000    0.00000    0.00000    -0.27957   0.10769    3.33292    -1.69270   3.47888    35.85694
T-A        0.00000    0.00000    0.00000    0.00000    0.00000    0.00000    0.00562    -0.58740   3.30244    0.11748    2.36777    28.74275
A-T        0.00000    0.00000    0.00000    0.00000    0.00000    0.00000    0.01435    -0.00032   3.41822    0.31910    4.78009    37.40014
T-A        0.00000    0.00000    0.00000    0.00000    0.00000    0.00000    0.01639    -0.58935   3.31084    0.35388    1.15808    29.35370
T-A        0.00000    0.00000    0.00000    0.00000    0.00000    0.00000    0.05605    -0.10272   3.26791    1.97946    -0.15621   35.51647
T-A        0.00000    0.00000    0.00000    0.00000    0.00000    0.00000    0.05104    -0.11708   3.27356    1.73567    -0.83554   35.74258
A-T        0.00000    0.00000    0.00000    0.00000    0.00000    0.00000    -0.00334   0.14267    3.42964    -0.06942   0.79616    38.78046
T-A        0.00000    0.00000    0.00000    0.00000    0.00000    0.00000    -0.01159   -0.59115   3.31793    -0.24597   0.07070    29.87404
A-T        0.00000    0.00000    0.00000    0.00000    0.00000    0.00000    -0.01754   0.07457    3.42448    -0.39209   2.71890    38.13042
T-A        0.00000    0.00000    0.00000    0.00000    0.00000    0.00000    -0.01507   -0.58855   3.30813    -0.32864   1.55439    29.15612
C-G        0.00000    0.00000    0.00000    0.00000    0.00000    0.00000    -0.10849   -0.26035   3.32544    1.20470    5.74903    31.60230
A-T        0.00000    0.00000    0.00000    0.00000    0.00000    0.00000    0.08890    0.42234    3.33122    0.39738    6.16312    36.53163
T-A        0.00000    0.00000    0.00000    0.00000    0.00000    0.00000    0.00814    -0.58788   3.30235    0.16943    2.28974    28.74097
T-A        0.00000    0.00000    0.00000    0.00000    0.00000    0.00000    0.04338    -0.06522   3.26115    1.90862    1.46700    34.86433
T-A        0.00000    0.00000    0.00000    0.00000    0.00000    0.00000    0.05091    -0.08828   3.26449    2.01632    0.50398    35.21267
T-A        0.00000    0.00000    0.00000    0.00000    0.00000    0.00000    0.05086    -0.10844   3.26982    1.89964    -0.39302   35.52291
A-T        0.00000    0.00000    0.00000    0.00000    0.00000    0.00000    0.00345    0.13404    3.42561    0.08557    0.91391    38.57470
C-G        0.00000    0.00000    0.00000    0.00000    0.00000    0.00000    0.12462    -0.57690   3.37451    -0.26063   -0.08812   31.86581
G-C        0.00000    0.00000    0.00000    0.00000    0.00000    0.00000    -0.07108   0.40489    3.39340    -0.82820   4.59962    36.49841
T-A        0.00000    0.00000    0.00000    0.00000    0.00000    0.00000    -0.09202   0.53420    3.31834    -1.04152   4.73543    37.13968
T-A        0.00000    0.00000    0.00000    0.00000    0.00000    0.00000    0.00383    -0.05146   3.26994    0.89221    1.83184    34.56045
T-A        0.00000    0.00000    0.00000    0.00000    0.00000    0.00000    0.01027    -0.04169   3.26474    1.17382    2.33123    34.38972
C-G        0.00000    0.00000    0.00000    0.00000    0.00000    0.00000    -0.09325   -0.23846   3.29840    1.95168    6.06154    31.26426
T-A        0.00000    0.00000    0.00000    0.00000    0.00000    0.00000    0.30093    0.09218    3.35154    2.03718    2.42656    36.05122
C-G        0.00000    0.00000    0.00000    0.00000    0.00000    0.00000    -0.07158   -0.22486   3.31584    2.49199    4.67579    31.65775
G-C        0.00000    0.00000    0.00000    0.00000    0.00000    0.00000    0.07107    0.40628    3.39205    0.84038    4.71953    36.36421
T-A        0.00000    0.00000    0.00000    0.00000    0.00000    0.00000    -0.08512   0.53266    3.34366    -0.34135   3.94187    37.61590
T-A        0.00000    0.00000    0.00000    0.00000    0.00000    0.00000    0.03233    -0.11505   3.27792    1.30676    -0.82499   35.61458
C-G        0.00000    0.00000    0.00000    0.00000    0.00000    0.00000    -0.10344   -0.27993   3.37471    1.11383    3.44238    32.20937
A-T        0.00000    0.00000    0.00000    0.00000    0.00000    0.00000    0.07403    0.53027    3.33301    -0.24341   4.57795    36.95056
G-C        0.00000    0.00000    0.00000    0.00000    0.00000    0.00000    0.06014    -0.24616   3.32095    -2.28179   4.92287    31.75736
C-G        0.00000    0.00000    0.00000    0.00000    0.00000    0.00000    -0.02900   -0.44776   3.38814    -0.42154   1.32502    33.09259
T-A        0.00000    0.00000    0.00000    0.00000    0.00000    0.00000    0.27074    0.08513    3.36288    1.66336    2.55605    35.97001
T-A        0.00000    0.00000    0.00000    0.00000    0.00000    0.00000    0.02976    -0.05351   3.26081    1.72076    1.96586    34.56045
T-A        0.00000    0.00000    0.00000    0.00000    0.00000    0.00000    0.04004    -0.07337   3.26225    1.93710    1.16923    34.85709
T-A        0.00000    0.00000    0.00000    0.00000    0.00000    0.00000    0.04450    -0.09527   3.26639    1.95428    0.23153    35.19128
T-A        0.00000    0.00000    0.00000    0.00000    0.00000    0.00000    0.04141    -0.11118   3.27176    1.76219    -0.50497   35.44147
T-A        0.00000    0.00000    0.00000    0.00000    0.00000    0.00000    0.03209    -0.11510   3.27637    1.43059    -0.76515   35.51835
A-T        0.00000    0.00000    0.00000    0.00000    0.00000    0.00000    -0.01065   0.10662    3.41946    -0.23226   1.55719    38.15932
T-A        0.00000    0.00000    0.00000    0.00000    0.00000    0.00000    -0.01466   -0.59150   3.30978    -0.31615   0.77912    29.30949
A-T        0.00000    0.00000    0.00000    0.00000    0.00000    0.00000    -0.01599   0.01873    3.41234    -0.36374   4.01065    37.30534
C-G        0.00000    0.00000    0.00000    0.00000    0.00000    0.00000    0.12913    -0.58730   3.35415    -0.46542   1.42689    31.05136
T-A        0.00000    0.00000    0.00000    0.00000    0.00000    0.00000    0.25800    0.08483    3.36574    1.54055    2.51371    35.88741
A-T        0.00000    0.00000    0.00000    0.00000    0.00000    0.00000    0.00852    -0.03453   3.40756    0.18317    5.44087    36.77888
A-T        0.00000    0.00000    0.00000    0.00000    0.00000    0.00000    -0.00155   -0.06042   3.27211    -0.84500   1.47266    34.64845
C-G        0.00000    0.00000    0.00000    0.00000    0.00000    0.00000    0.12989    -0.57596   3.35011    0.41967    0.59377    31.33359
T-A        0.00000    0.00000    0.00000    0.00000    0.00000    0.00000    0.29992    0.10004    3.35863    1.81640    1.61169    36.26082
T-A        0.00000    0.00000    0.00000    0.00000    0.00000    0.00000    0.03619    -0.11479   3.27491    1.55361    -0.72055   35.51775
G-C        0.00000    0.00000    0.00000    0.00000    0.00000    0.00000    -0.13420   -0.51127   3.35528    -0.16534   -0.48542   31.90393
A-T        0.00000    0.00000    0.00000    0.00000    0.00000    0.00000    -0.29833   0.10522    3.36933    -2.12986   1.13798    36.34523
G-C        0.00000    0.00000    0.00000    0.00000    0.00000    0.00000    0.06111    -0.24221   3.32128    -2.24937   4.66402    31.75739
C-G        0.00000    0.00000    0.00000    0.00000    0.00000    0.00000    -0.04505   -0.42678   3.39178    -0.65030   0.96606    33.13372
G-C        0.00000    0.00000    0.00000    0.00000    0.00000    0.00000    -0.02720   0.42683    3.37924    -0.33241   6.86101    34.99658
A-T        0.00000    0.00000    0.00000    0.00000    0.00000    0.00000    -0.26309   0.08237    3.33833    -1.33305   3.39416    35.65898
A-T        0.00000    0.00000    0.00000    0.00000    0.00000    0.00000    -0.00235   -0.05335   3.26976    -0.92735   1.80007    34.53125
A-T        0.00000    0.00000    0.00000    0.00000    0.00000    0.00000    -0.00328   -0.07138   3.27456    -0.82526   0.99451    34.81858
C-G        0.00000    0.00000    0.00000    0.00000    0.00000    0.00000    0.12819    -0.57502   3.35449    0.37276    0.35465    31.44231
G-C        0.00000    0.00000    0.00000    0.00000    0.00000    0.00000    0.03615    0.40536    3.39283    0.43672    4.32728    36.47244
G-C        0.00000    0.00000    0.00000    0.00000    0.00000    0.00000    0.10491    -0.19476   3.42967    0.03335    2.58347    32.73760
G-C        0.00000    0.00000    0.00000    0.00000    0.00000    0.00000    0.06291    -0.20516   3.41673    -0.37490   2.91332    32.60518
A-T        0.00000    0.00000    0.00000    0.00000    0.00000    0.00000    -0.29738   0.10815    3.35857    -2.19853   1.53490    36.17758
A-T        0.00000    0.00000    0.00000    0.00000    0.00000    0.00000    -0.03758   -0.07186   3.26249    -1.89543   1.20812    34.82197
G-C        0.00000    0.00000    0.00000    0.00000    0.00000    0.00000    0.08168    -0.24937   3.32454    -2.12029   5.06449    31.58328
G-C        0.00000    0.00000    0.00000    0.00000    0.00000    0.00000    -0.00803   -0.25264   3.40203    -0.42640   4.64796    32.45218
G-C        0.00000    0.00000    0.00000    0.00000    0.00000    0.00000    0.03037    -0.24477   3.41431    -0.01612   4.41254    32.58119
T-A        0.00000    0.00000    0.00000    0.00000    0.00000    0.00000    -0.08711   0.52310    3.33027    -0.04587   5.15688    37.01657
T-A        0.00000    0.00000    0.00000    0.00000    0.00000    0.00000    0.04459    -0.08920   3.26541    1.94379    0.48064    35.13285
T-A        0.00000    0.00000    0.00000    0.00000    0.00000    0.00000    0.04367    -0.10652   3.27034    1.81431    -0.30009   35.40208
T-A        0.00000    0.00000    0.00000    0.00000    0.00000    0.00000    0.03626    -0.11375   3.27509    1.52793    -0.69073   35.52640
C-G        0.00000    0.00000    0.00000    0.00000    0.00000    0.00000    -0.09629   -0.27339   3.37156    1.39813    3.22603    32.17945
A-T        0.00000    0.00000    0.00000    0.00000    0.00000    0.00000    0.07621    0.55527    3.33097    -0.09367   4.13114    37.10824
C-G        0.00000    0.00000    0.00000    0.00000    0.00000    0.00000    0.12592    -0.58477   3.36563    -0.58281   0.83712    31.37648
C-G        0.00000    0.00000    0.00000    0.00000    0.00000    0.00000    -0.06626   -0.23132   3.42536    -0.29424   4.01486    32.73337
G-C        0.00000    0.00000    0.00000    0.00000    0.00000    0.00000    -0.02446   0.42566    3.38003    -0.29921   6.80398    35.06738
A-T        0.00000    0.00000    0.00000    0.00000    0.00000    0.00000    -0.26383   0.08280    3.34073    -1.32039   3.32210    35.71140
T-A        0.00000    0.00000    0.00000    0.00000    0.00000    0.00000    0.01094    -0.58967   3.30201    0.23139    1.98149    28.73421
A-T        0.00000    0.00000    0.00000    0.00000    0.00000    0.00000    0.01547    0.02866    3.41411    0.34789    3.72286    37.44343
T-A        0.00000    0.00000    0.00000    0.00000    0.00000    0.00000    0.01264    -0.59181   3.31092    0.28096    0.67009    29.38426
C-G        0.00000    0.00000    0.00000    0.00000    0.00000    0.00000    -0.07663   -0.24561   3.35281    2.09954    3.37501    32.09982
A-T        0.00000    0.00000    0.00000    0.00000    0.00000    0.00000    0.08855    0.61040    3.32794    0.51311    3.46241    37.75816
C-G        0.00000    0.00000    0.00000    0.00000    0.00000    0.00000    0.12436    -0.57870   3.37243    -0.33599   0.11317    31.73273
C-G        0.00000    0.00000    0.00000    0.00000    0.00000    0.00000    -0.12623   -0.20210   3.44099    -0.59107   3.01203    32.96360
G-C        0.00000    0.00000    0.00000    0.00000    0.00000    0.00000    -0.07190   0.41658    3.38609    -0.84772   5.77691    35.71368
A-T        0.00000    0.00000    0.00000    0.00000    0.00000    0.00000    -0.28524   0.10860    3.33317    -1.98174   3.00008    35.79212
