337 # base pairs
  0 # ***local base-pair & step parameters***
#          Shear      Stretch    Stagger    Buckle     Prop-Tw    Opening    Shift      Slide      Rise       Tilt       Roll       Twist
T-A        0.00000    0.00000    0.00000    0.00000    0.00000    0.00000    0.00000    0.00000    0.00000    0.00000    0.00000    0.00000
T-A        0.00000    0.00000    0.00000    0.00000    0.00000    0.00000    -0.53700   0.25500    3.26500    -5.56401   2.18101    35.66202
T-A        0.00000    0.00000    0.00000    0.00000    0.00000    0.00000    0.58700    -0.54300   3.24700    2.92702    -2.18501   33.49196
C-G        0.00000    0.00000    0.00000    0.00000    0.00000    0.00000    0.06300    -0.17500   3.33300    -1.96700   -5.69500   41.50102
A-T        0.00000    0.00000    0.00000    0.00000    0.00000    0.00000    0.24100    -0.79700   3.34900    0.51497    -3.18401   32.84101
C-G        0.00000    0.00000    0.00000    0.00000    0.00000    0.00000    0.19600    -0.30500   3.24500    2.47704    -1.19001   40.64596
C-G        0.00000    0.00000    0.00000    0.00000    0.00000    0.00000    -0.19300   -0.06100   3.23500    0.68899    7.50201    27.87602
G-C        0.00000    0.00000    0.00000    0.00000    0.00000    0.00000    -0.48000   0.30700    3.25300    -4.26099   5.63298    36.05100
A-T        0.00000    0.00000    0.00000    0.00000    0.00000    0.00000    0.51900    -0.77800   3.37900    0.42302    4.46005    28.31399
T-A        0.00000    0.00000    0.00000    0.00000    0.00000    0.00000    0.37900    -0.58600   3.36800    1.25500    8.88396    34.53202
A-T        0.00000    0.00000    0.00000    0.00000    0.00000    0.00000    -0.62500   0.27300    3.47200    0.92200    9.81205    29.82198
T-A        0.00000    0.00000    0.00000    0.00000    0.00000    0.00000    0.22200    1.41300    3.20700    -0.26202   -6.26004   43.66897
C-G        0.00000    0.00000    0.00000    0.00000    0.00000    0.00000    -0.19000   0.28800    2.99000    4.27803    4.75600    28.40705
A-T        0.00000    0.00000    0.00000    0.00000    0.00000    0.00000    0.07400    2.47100    3.19800    -2.78099   -11.13297  46.93097
C-G        0.00000    0.00000    0.00000    0.00000    0.00000    0.00000    0.75200    -0.12800   3.51700    0.75297    -2.18897   32.18103
C-G        0.00000    0.00000    0.00000    0.00000    0.00000    0.00000    0.65800    -0.34800   3.53100    2.35298    -4.19101   41.71897
G-C        0.00000    0.00000    0.00000    0.00000    0.00000    0.00000    0.25800    -0.43600   3.15000    3.85701    -2.87204   32.65499
A-T        0.00000    0.00000    0.00000    0.00000    0.00000    0.00000    -0.16600   -0.85600   3.40500    -2.52699   10.91006   28.30599
A-T        0.00000    0.00000    0.00000    0.00000    0.00000    0.00000    -1.06500   -0.49000   3.02200    -3.49302   12.68295   30.03801
A-T        0.00000    0.00000    0.00000    0.00000    0.00000    0.00000    0.18500    -0.48100   3.57100    -2.50198   -2.25000   35.51502
C-G        0.00000    0.00000    0.00000    0.00000    0.00000    0.00000    -0.04400   -1.05500   3.13500    3.26102    17.83302   29.57197
G-C        0.00000    0.00000    0.00000    0.00000    0.00000    0.00000    -0.06800   -0.36800   3.07500    0.16000    1.04701    29.75003
C-G        0.00000    0.00000    0.00000    0.00000    0.00000    0.00000    0.09900    0.17700    3.42100    6.64901    7.82803    29.68201
G-C        0.00000    0.00000    0.00000    0.00000    0.00000    0.00000    0.28700    2.46200    2.99600    -2.61504   -8.45203   43.35898
C-G        0.00000    0.00000    0.00000    0.00000    0.00000    0.00000    -0.12400   0.25600    3.54500    -2.51598   -1.99400   36.55498
G-C        0.00000    0.00000    0.00000    0.00000    0.00000    0.00000    0.20100    -0.30900   3.58700    5.06303    -6.93103   40.56399
A-T        0.00000    0.00000    0.00000    0.00000    0.00000    0.00000    0.35700    -0.23200   3.24600    -0.02099   2.63902    32.91300
G-C        0.00000    0.00000    0.00000    0.00000    0.00000    0.00000    -0.30800   -0.14300   3.80100    -0.17299   7.53999    34.42604
G-C        0.00000    0.00000    0.00000    0.00000    0.00000    0.00000    -0.16600   -0.51000   2.74700    -2.28398   6.10805    30.99301
C-G        0.00000    0.00000    0.00000    0.00000    0.00000    0.00000    0.34800    -0.46900   3.23200    -13.43504  5.73497    30.22196
A-T        0.00000    0.00000    0.00000    0.00000    0.00000    0.00000    -0.58200   -0.86300   3.37800    8.34102    5.58002    30.81702
G-C        0.00000    0.00000    0.00000    0.00000    0.00000    0.00000    0.52200    -0.35800   3.62200    3.02798    5.24197    36.03000
C-G        0.00000    0.00000    0.00000    0.00000    0.00000    0.00000    -0.04600   -0.52800   2.92300    -2.73399   2.90799    34.02403
T-A        0.00000    0.00000    0.00000    0.00000    0.00000    0.00000    0.01200    -0.28200   3.66100    1.57604    -2.99299   40.16698
G-C        0.00000    0.00000    0.00000    0.00000    0.00000    0.00000    -0.17600   -0.18200   3.02200    -0.29802   -0.67597   28.62202
T-A        0.00000    0.00000    0.00000    0.00000    0.00000    0.00000    -0.43300   2.58400    3.24900    -2.29699   -18.43102  50.03799
A-T        0.00000    0.00000    0.00000    0.00000    0.00000    0.00000    0.94600    0.85900    3.47100    2.03699    7.01101    28.54102
T-A        0.00000    0.00000    0.00000    0.00000    0.00000    0.00000    -1.23000   0.92200    3.19700    -4.81401   -0.68100   38.14796
G-C        0.00000    0.00000    0.00000    0.00000    0.00000    0.00000    -0.02400   -0.20600   3.41400    -0.85703   4.48099    34.18303
G-C        0.00000    0.00000    0.00000    0.00000    0.00000    0.00000    0.33300    0.18800    3.01200    1.38304    8.81501    33.24101
C-G        0.00000    0.00000    0.00000    0.00000    0.00000    0.00000    0.24400    -0.51400   3.27100    4.64000    8.72598    29.63094
A-T        0.00000    0.00000    0.00000    0.00000    0.00000    0.00000    1.26500    0.01500    3.41000    2.29698    17.05000   32.12302
T-A        0.00000    0.00000    0.00000    0.00000    0.00000    0.00000    -1.67000   0.81500    3.25300    -5.86398   3.06904    37.42099
G-C        0.00000    0.00000    0.00000    0.00000    0.00000    0.00000    0.59200    0.99400    3.37000    1.34794    -2.34902   42.30100
A-T        0.00000    0.00000    0.00000    0.00000    0.00000    0.00000    -1.15000   0.48100    3.30700    -4.67000   -4.43104   34.13605
A-T        0.00000    0.00000    0.00000    0.00000    0.00000    0.00000    1.33300    0.97300    3.13500    6.11600    -1.23601   43.24996
A-T        0.00000    0.00000    0.00000    0.00000    0.00000    0.00000    -1.19700   0.43000    3.42100    -5.76397   -2.28002   34.13101
G-C        0.00000    0.00000    0.00000    0.00000    0.00000    0.00000    -0.23000   0.13700    3.55800    0.44501    4.15399    36.41302
A-T        0.00000    0.00000    0.00000    0.00000    0.00000    0.00000    0.72800    -0.40100   2.87700    2.85804    6.01400    26.03297
G-C        0.00000    0.00000    0.00000    0.00000    0.00000    0.00000    -0.34000   -0.24000   3.24900    -4.03101   8.82501    33.38699
T-A        0.00000    0.00000    0.00000    0.00000    0.00000    0.00000    0.19200    0.25300    3.90400    7.22995    12.45302   33.04302
T-A        0.00000    0.00000    0.00000    0.00000    0.00000    0.00000    0.78200    1.05200    3.34800    3.34804    23.81098   25.92098
C-G        0.00000    0.00000    0.00000    0.00000    0.00000    0.00000    -0.99900   0.48000    2.83300    -9.83401   -1.56097   24.22705
T-A        0.00000    0.00000    0.00000    0.00000    0.00000    0.00000    -0.34300   -0.09600   3.40000    3.05498    7.81198    38.08599
T-A        0.00000    0.00000    0.00000    0.00000    0.00000    0.00000    1.55600    0.61600    2.96300    2.19802    -12.38698  32.24501
C-G        0.00000    0.00000    0.00000    0.00000    0.00000    0.00000    -1.31900   1.08500    4.01400    -1.60101   -3.20900   42.75499
C-G        0.00000    0.00000    0.00000    0.00000    0.00000    0.00000    1.49800    0.68300    3.78400    6.09797    -12.52298  39.01298
C-G        0.00000    0.00000    0.00000    0.00000    0.00000    0.00000    -1.26900   0.72300    3.36200    -6.13198   7.91295    34.86300
G-C        0.00000    0.00000    0.00000    0.00000    0.00000    0.00000    -0.36600   -0.52300   3.12200    -3.00202   -0.31394   30.19003
G-C        0.00000    0.00000    0.00000    0.00000    0.00000    0.00000    0.15600    0.51200    3.60000    0.83500    10.30197   36.54297
A-T        0.00000    0.00000    0.00000    0.00000    0.00000    0.00000    -0.22700   -0.42300   2.96400    -5.46200   4.16198    32.40100
A-T        0.00000    0.00000    0.00000    0.00000    0.00000    0.00000    -0.26600   0.02900    3.47400    -0.07595   8.54799    32.92101
A-T        0.00000    0.00000    0.00000    0.00000    0.00000    0.00000    0.52300    0.20100    3.07800    3.57799    5.39903    32.02000
A-T        0.00000    0.00000    0.00000    0.00000    0.00000    0.00000    0.72300    0.89300    3.31900    4.71597    9.59801    34.94899
C-G        0.00000    0.00000    0.00000    0.00000    0.00000    0.00000    -0.97600   1.55900    3.38900    -3.86799   -4.13600   41.00200
G-C        0.00000    0.00000    0.00000    0.00000    0.00000    0.00000    1.01700    1.30100    3.41600    1.51899    -6.11104   41.22402
C-G        0.00000    0.00000    0.00000    0.00000    0.00000    0.00000    -0.80800   0.51200    3.31300    -1.38495   -2.69099   33.83997
G-C        0.00000    0.00000    0.00000    0.00000    0.00000    0.00000    0.87500    1.75500    3.40000    3.77900    -2.56596   43.51503
G-C        0.00000    0.00000    0.00000    0.00000    0.00000    0.00000    0.24200    0.29100    3.17800    -3.51803   6.89998    27.25898
T-A        0.00000    0.00000    0.00000    0.00000    0.00000    0.00000    -0.57700   -0.04900   3.38700    -2.93297   5.91298    36.59299
G-C        0.00000    0.00000    0.00000    0.00000    0.00000    0.00000    -0.15500   -0.31200   3.29600    -2.79801   4.58901    36.50499
G-C        0.00000    0.00000    0.00000    0.00000    0.00000    0.00000    -0.12600   -1.05900   3.16200    3.14901    6.99298    28.84804
A-T        0.00000    0.00000    0.00000    0.00000    0.00000    0.00000    -0.26800   -0.20000   3.34900    0.71702    6.23503    32.33498
A-T        0.00000    0.00000    0.00000    0.00000    0.00000    0.00000    0.18800    0.09100    3.28400    2.35401    6.73398    30.21499
T-A        0.00000    0.00000    0.00000    0.00000    0.00000    0.00000    -0.90800   1.74200    3.44600    -2.55501   -2.03698   43.56403
A-T        0.00000    0.00000    0.00000    0.00000    0.00000    0.00000    1.11500    0.52700    3.19200    -0.47002   -5.02597   32.49000
T-A        0.00000    0.00000    0.00000    0.00000    0.00000    0.00000    -1.26500   1.29400    3.46000    -0.74899   -6.46005   41.50598
T-A        0.00000    0.00000    0.00000    0.00000    0.00000    0.00000    1.27900    1.57200    3.35800    4.06299    -4.85894   42.21601
T-A        0.00000    0.00000    0.00000    0.00000    0.00000    0.00000    -0.64100   0.77800    3.21000    -6.62901   7.31095    34.65599
C-G        0.00000    0.00000    0.00000    0.00000    0.00000    0.00000    -0.48600   0.08900    3.44400    1.24604    7.31800    33.64202
G-C        0.00000    0.00000    0.00000    0.00000    0.00000    0.00000    0.38200    0.12600    3.27000    1.66396    9.69604    31.97700
T-A        0.00000    0.00000    0.00000    0.00000    0.00000    0.00000    -0.08400   -0.40300   3.40900    -3.34301   6.67496    31.58296
T-A        0.00000    0.00000    0.00000    0.00000    0.00000    0.00000    -0.47000   0.56900    3.42400    -0.37599   9.09197    35.44903
T-A        0.00000    0.00000    0.00000    0.00000    0.00000    0.00000    0.10900    -0.45500   3.19900    -0.01199   0.68404    28.67100
C-G        0.00000    0.00000    0.00000    0.00000    0.00000    0.00000    0.93400    0.44000    3.56300    2.18702    4.67997    34.54799
C-G        0.00000    0.00000    0.00000    0.00000    0.00000    0.00000    -1.29500   0.51600    3.31200    -3.00403   -7.00896   38.70501
T-A        0.00000    0.00000    0.00000    0.00000    0.00000    0.00000    0.48000    1.94200    3.65600    1.05699    -8.31500   45.87101
A-T        0.00000    0.00000    0.00000    0.00000    0.00000    0.00000    -0.36200   1.65900    3.46900    -1.99303   -9.28102   40.37197
C-G        0.00000    0.00000    0.00000    0.00000    0.00000    0.00000    0.08500    0.19500    3.16100    -3.20496   3.71600    32.36704
T-A        0.00000    0.00000    0.00000    0.00000    0.00000    0.00000    0.52200    -0.07500   3.33000    1.82401    10.62098   31.27098
A-T        0.00000    0.00000    0.00000    0.00000    0.00000    0.00000    -0.03800   0.45600    3.27500    1.49299    11.25403   30.06099
C-G        0.00000    0.00000    0.00000    0.00000    0.00000    0.00000    0.03000    -0.53000   3.81100    2.09701    21.62702   24.49296
G-C        0.00000    0.00000    0.00000    0.00000    0.00000    0.00000    0.06600    -0.54800   3.04300    -4.28803   5.31202    33.63500
A-T        0.00000    0.00000    0.00000    0.00000    0.00000    0.00000    -0.43700   -0.58200   3.00200    -0.55501   4.75597    24.04103
C-G        0.00000    0.00000    0.00000    0.00000    0.00000    0.00000    -0.26500   0.47100    3.31100    -3.57998   0.74500    40.93698
T-A        0.00000    0.00000    0.00000    0.00000    0.00000    0.00000    1.25400    0.24800    3.56400    9.78399    2.02604    32.40102
A-T        0.00000    0.00000    0.00000    0.00000    0.00000    0.00000    -1.42800   1.33500    3.17200    -6.65404   -4.38406   42.75598
C-G        0.00000    0.00000    0.00000    0.00000    0.00000    0.00000    1.02700    0.33800    3.32100    -2.70493   -2.97898   35.01602
T-A        0.00000    0.00000    0.00000    0.00000    0.00000    0.00000    -0.81100   0.50000    3.19900    -0.41604   -3.19300   38.02902
A-T        0.00000    0.00000    0.00000    0.00000    0.00000    0.00000    1.47900    0.68700    3.53500    6.78898    1.57102    37.71400
T-A        0.00000    0.00000    0.00000    0.00000    0.00000    0.00000    -1.34000   0.09300    3.49800    -6.70798   12.66596   31.93401
C-G        0.00000    0.00000    0.00000    0.00000    0.00000    0.00000    -0.77800   -0.33500   3.01600    -3.38196   9.56600    31.25598
A-T        0.00000    0.00000    0.00000    0.00000    0.00000    0.00000    0.01300    0.00100    3.34600    0.64296    9.12701    30.19901
G-C        0.00000    0.00000    0.00000    0.00000    0.00000    0.00000    -0.19200   -0.05900   3.34000    -0.19397   5.38797    40.48098
C-G        0.00000    0.00000    0.00000    0.00000    0.00000    0.00000    1.20800    0.65700    3.22900    5.23202    -1.94698   34.78298
C-G        0.00000    0.00000    0.00000    0.00000    0.00000    0.00000    -1.04200   0.88800    3.16800    0.37602    6.50102    29.91304
G-C        0.00000    0.00000    0.00000    0.00000    0.00000    0.00000    0.80300    2.32300    3.30200    2.16897    -15.60399  47.15601
G-C        0.00000    0.00000    0.00000    0.00000    0.00000    0.00000    0.07700    -0.12000   2.93200    -1.41301   1.97601    34.59096
A-T        0.00000    0.00000    0.00000    0.00000    0.00000    0.00000    -0.23600   -0.29200   3.92500    4.30098    0.77797    37.02600
A-T        0.00000    0.00000    0.00000    0.00000    0.00000    0.00000    0.17500    -0.40400   2.96100    -3.13299   -2.98296   33.06100
G-C        0.00000    0.00000    0.00000    0.00000    0.00000    0.00000    0.04300    -0.03200   3.66800    1.03299    4.09499    38.50902
C-G        0.00000    0.00000    0.00000    0.00000    0.00000    0.00000    0.37500    -0.74000   3.13300    -3.83301   13.86700   25.34500
C-G        0.00000    0.00000    0.00000    0.00000    0.00000    0.00000    -0.04800   0.08400    3.18100    2.15101    7.26497    33.37399
T-A        0.00000    0.00000    0.00000    0.00000    0.00000    0.00000    0.35200    -0.12900   3.26500    2.46800    4.97098    36.92700
A-T        0.00000    0.00000    0.00000    0.00000    0.00000    0.00000    -0.28800   -0.28000   3.25600    -1.61696   1.23202    30.64298
T-A        0.00000    0.00000    0.00000    0.00000    0.00000    0.00000    -0.13300   -0.53800   3.57800    -0.41998   0.74403    35.66898
G-C        0.00000    0.00000    0.00000    0.00000    0.00000    0.00000    -0.06300   -0.05000   3.34200    2.21397    -5.64696   39.47805
T-A        0.00000    0.00000    0.00000    0.00000    0.00000    0.00000    -0.36100   0.22200    3.14800    1.35396    -3.01705   35.15102
A-T        0.00000    0.00000    0.00000    0.00000    0.00000    0.00000    -0.04400   2.29000    3.25300    -2.75995   -10.70398  41.67698
C-G        0.00000    0.00000    0.00000    0.00000    0.00000    0.00000    0.04500    -0.04600   3.36000    -1.07003   9.40901    28.88900
C-G        0.00000    0.00000    0.00000    0.00000    0.00000    0.00000    -0.11000   -0.47900   3.23800    -3.18199   2.44701    30.97000
G-C        0.00000    0.00000    0.00000    0.00000    0.00000    0.00000    0.31400    -0.91900   3.01800    0.05597    13.30800   33.75798
A-T        0.00000    0.00000    0.00000    0.00000    0.00000    0.00000    -0.31100   -0.47500   3.81200    6.41498    6.46100    29.40402
G-C        0.00000    0.00000    0.00000    0.00000    0.00000    0.00000    1.34200    -0.14700   2.83200    0.79802    10.66598   25.43501
T-A        0.00000    0.00000    0.00000    0.00000    0.00000    0.00000    0.46300    -0.07700   3.44300    -8.34501   7.08502    35.23298
T-A        0.00000    0.00000    0.00000    0.00000    0.00000    0.00000    -0.87700   -0.84400   3.14800    4.07302    -3.53101   35.08099
C-G        0.00000    0.00000    0.00000    0.00000    0.00000    0.00000    0.18800    -0.59500   3.80200    -3.67401   -3.18001   39.32899
C-G        0.00000    0.00000    0.00000    0.00000    0.00000    0.00000    -0.66100   -0.44200   3.21200    -2.86001   2.01203    31.90300
G-C        0.00000    0.00000    0.00000    0.00000    0.00000    0.00000    -0.29800   2.53900    3.17800    3.11800    -16.22001  46.41200
A-T        0.00000    0.00000    0.00000    0.00000    0.00000    0.00000    0.02800    0.39800    2.76300    -0.48300   7.56600    31.41701
C-G        0.00000    0.00000    0.00000    0.00000    0.00000    0.00000    -0.06100   1.86700    3.73700    -0.93001   -0.58203   42.02302
A-T        0.00000    0.00000    0.00000    0.00000    0.00000    0.00000    0.29000    0.48300    2.97000    -5.22299   6.31898    28.18900
C-G        0.00000    0.00000    0.00000    0.00000    0.00000    0.00000    -0.37700   -0.39100   3.42400    -3.50094   14.07603   34.61903
T-A        0.00000    0.00000    0.00000    0.00000    0.00000    0.00000    -0.59700   -0.51900   3.26400    0.52699    4.98500    30.07298
T-A        0.00000    0.00000    0.00000    0.00000    0.00000    0.00000    -0.18300   -0.04000   3.33000    -0.79301   9.81802    35.30799
T-A        0.00000    0.00000    0.00000    0.00000    0.00000    0.00000    0.89100    0.11600    3.29000    -0.61200   4.18099    30.77200
C-G        0.00000    0.00000    0.00000    0.00000    0.00000    0.00000    -0.12000   -0.23000   3.35300    -1.59600   1.52402    35.30699
A-T        0.00000    0.00000    0.00000    0.00000    0.00000    0.00000    -0.09500   -0.58900   3.17100    -0.26202   -0.75002   31.91901
T-A        0.00000    0.00000    0.00000    0.00000    0.00000    0.00000    -0.16000   0.18600    3.53900    -2.11499   -7.48801   43.59599
T-A        0.00000    0.00000    0.00000    0.00000    0.00000    0.00000    -0.29300   -0.63000   3.24500    0.28400    -0.53603   32.21202
G-C        0.00000    0.00000    0.00000    0.00000    0.00000    0.00000    0.28200    -0.07400   3.13600    3.22004    0.45404    35.13699
A-T        0.00000    0.00000    0.00000    0.00000    0.00000    0.00000    -0.00000   -0.00000   3.40000    0.46486    -0.96528   34.28572
G-C        0.00000    0.00000    0.00000    0.00000    0.00000    0.00000    0.10101    -0.23911   3.32305    -2.04112   4.85334    31.34803
A-T        0.00000    0.00000    0.00000    0.00000    0.00000    0.00000    -0.26780   0.09344    3.33504    -1.70604   2.98524    35.53670
A-T        0.00000    0.00000    0.00000    0.00000    0.00000    0.00000    0.00746    -0.05721   3.26612    -1.22828   1.85459    34.34721
A-T        0.00000    0.00000    0.00000    0.00000    0.00000    0.00000    0.01045    -0.06831   3.26960    -1.07670   1.50144    34.46869
G-C        0.00000    0.00000    0.00000    0.00000    0.00000    0.00000    0.15337    -0.25727   3.34657    -1.32654   4.50998    31.35861
A-T        0.00000    0.00000    0.00000    0.00000    0.00000    0.00000    -0.25690   0.04080    3.37615    -1.13869   1.64483    35.97990
T-A        0.00000    0.00000    0.00000    0.00000    0.00000    0.00000    -0.00543   -0.59613   3.30693    0.06640    0.76878    29.09304
G-C        0.00000    0.00000    0.00000    0.00000    0.00000    0.00000    -0.13751   -0.61908   3.35400    0.16481    0.35137    30.82908
C-G        0.00000    0.00000    0.00000    0.00000    0.00000    0.00000    -0.02919   -0.37247   3.40119    -0.25276   0.06021    33.25731
C-G        0.00000    0.00000    0.00000    0.00000    0.00000    0.00000    -0.10007   -0.20862   3.42242    -0.14465   3.38080    32.38719
T-A        0.00000    0.00000    0.00000    0.00000    0.00000    0.00000    0.23854    0.09705    3.36990    1.31013    1.97656    35.79287
C-G        0.00000    0.00000    0.00000    0.00000    0.00000    0.00000    -0.09504   -0.24601   3.32450    1.65467    5.00302    31.39711
A-T        0.00000    0.00000    0.00000    0.00000    0.00000    0.00000    0.09349    0.44926    3.32293    0.42889    5.19669    36.24826
G-C        0.00000    0.00000    0.00000    0.00000    0.00000    0.00000    0.14602    -0.25071   3.33940    -1.52164   4.57033    31.36289
C-G        0.00000    0.00000    0.00000    0.00000    0.00000    0.00000    0.02351    -0.40008   3.39971    0.19834    0.37237    33.11769
T-A        0.00000    0.00000    0.00000    0.00000    0.00000    0.00000    0.26087    0.08976    3.36737    1.48814    1.83955    35.90454
C-G        0.00000    0.00000    0.00000    0.00000    0.00000    0.00000    -0.10726   -0.28794   3.33849    1.63167    4.30883    31.54844
T-A        0.00000    0.00000    0.00000    0.00000    0.00000    0.00000    0.22924    0.08692    3.37126    1.30214    1.84533    35.82560
G-C        0.00000    0.00000    0.00000    0.00000    0.00000    0.00000    -0.13960   -0.66150   3.35379    0.04156    0.99864    30.58015
T-A        0.00000    0.00000    0.00000    0.00000    0.00000    0.00000    -0.09884   0.53068    3.32115    -0.58271   4.99405    36.84865
T-A        0.00000    0.00000    0.00000    0.00000    0.00000    0.00000    0.01030    -0.06268   3.26736    1.37619    1.33040    34.59555
A-T        0.00000    0.00000    0.00000    0.00000    0.00000    0.00000    0.00522    0.03069    3.40663    0.09294    3.91608    37.05236
C-G        0.00000    0.00000    0.00000    0.00000    0.00000    0.00000    0.13517    -0.57504   3.35159    0.09587    0.79101    31.12204
A-T        0.00000    0.00000    0.00000    0.00000    0.00000    0.00000    0.09909    0.49205    3.32253    0.61072    4.56088    36.66048
G-C        0.00000    0.00000    0.00000    0.00000    0.00000    0.00000    0.13803    -0.24888   3.34065    -1.51336   4.27455    31.48649
G-C        0.00000    0.00000    0.00000    0.00000    0.00000    0.00000    0.08733    -0.22714   3.42132    -0.14239   3.15466    32.31724
T-A        0.00000    0.00000    0.00000    0.00000    0.00000    0.00000    -0.08473   0.52507    3.32524    -0.72556   4.58154    36.99697
C-G        0.00000    0.00000    0.00000    0.00000    0.00000    0.00000    -0.12028   -0.29870   3.33801    1.31462    4.64210    31.43587
A-T        0.00000    0.00000    0.00000    0.00000    0.00000    0.00000    0.06768    0.40745    3.32720    0.05078    5.43134    35.80489
C-G        0.00000    0.00000    0.00000    0.00000    0.00000    0.00000    0.11294    -0.58399   3.34881    -0.18339   1.27571    30.85709
T-A        0.00000    0.00000    0.00000    0.00000    0.00000    0.00000    0.24222    0.09493    3.35941    1.61379    2.29872    35.65202
A-T        0.00000    0.00000    0.00000    0.00000    0.00000    0.00000    0.00712    0.01567    3.40342    0.19254    4.26596    36.83424
A-T        0.00000    0.00000    0.00000    0.00000    0.00000    0.00000    0.00193    -0.07126   3.27344    -0.98855   0.86974    34.69150
T-A        0.00000    0.00000    0.00000    0.00000    0.00000    0.00000    0.01928    -0.59178   3.30594    0.18562    0.79761    29.03328
A-T        0.00000    0.00000    0.00000    0.00000    0.00000    0.00000    0.01416    0.07823    3.40905    0.08886    1.99555    37.57026
C-G        0.00000    0.00000    0.00000    0.00000    0.00000    0.00000    0.13194    -0.58341   3.36491    -0.17833   0.26414    31.33635
C-G        0.00000    0.00000    0.00000    0.00000    0.00000    0.00000    -0.11862   -0.22349   3.43611    -0.36921   2.96088    32.33316
A-T        0.00000    0.00000    0.00000    0.00000    0.00000    0.00000    0.07058    0.40863    3.32811    -0.24837   5.05741    35.70725
T-A        0.00000    0.00000    0.00000    0.00000    0.00000    0.00000    -0.02087   -0.59468   3.29753    -0.25094   1.93613    28.41900
C-G        0.00000    0.00000    0.00000    0.00000    0.00000    0.00000    -0.12690   -0.28614   3.30782    1.40096    5.86046    30.94737
T-A        0.00000    0.00000    0.00000    0.00000    0.00000    0.00000    0.22328    0.09077    3.35770    1.60049    2.52327    35.42673
A-T        0.00000    0.00000    0.00000    0.00000    0.00000    0.00000    0.00518    -0.02272   3.39656    0.24437    5.15292    36.34701
A-T        0.00000    0.00000    0.00000    0.00000    0.00000    0.00000    0.00901    -0.05931   3.27369    -0.78179   1.26505    34.46485
G-C        0.00000    0.00000    0.00000    0.00000    0.00000    0.00000    0.17805    -0.24392   3.35193    -1.02763   4.15949    31.24040
T-A        0.00000    0.00000    0.00000    0.00000    0.00000    0.00000    -0.06572   0.53201    3.33810    -0.26762   4.11262    37.16377
A-T        0.00000    0.00000    0.00000    0.00000    0.00000    0.00000    0.00855    0.10755    3.41005    -0.03231   0.99753    37.83737
G-C        0.00000    0.00000    0.00000    0.00000    0.00000    0.00000    0.10563    -0.24170   3.32651    -1.95131   4.12003    31.46778
T-A        0.00000    0.00000    0.00000    0.00000    0.00000    0.00000    -0.08455   0.52735    3.31526    -1.13010   4.59556    36.77535
T-A        0.00000    0.00000    0.00000    0.00000    0.00000    0.00000    -0.02929   -0.06318   3.27285    0.67229    1.74179    34.21101
G-C        0.00000    0.00000    0.00000    0.00000    0.00000    0.00000    -0.14368   -0.81410   3.34843    -0.18521   2.48762    29.34451
A-T        0.00000    0.00000    0.00000    0.00000    0.00000    0.00000    -0.26695   0.08861    3.31103    -1.60235   4.08962    35.05397
T-A        0.00000    0.00000    0.00000    0.00000    0.00000    0.00000    0.00007    -0.58834   3.28992    0.21758    2.91986    27.89781
T-A        0.00000    0.00000    0.00000    0.00000    0.00000    0.00000    0.02470    -0.05146   3.25726    2.03480    1.96310    34.28527
C-G        0.00000    0.00000    0.00000    0.00000    0.00000    0.00000    -0.06253   -0.20783   3.30582    2.85324    4.46757    31.33248
A-T        0.00000    0.00000    0.00000    0.00000    0.00000    0.00000    0.10735    0.56807    3.31529    1.22198    3.50884    37.24038
T-A        0.00000    0.00000    0.00000    0.00000    0.00000    0.00000    0.01964    -0.59572   3.31433    0.14362    -0.59680   29.67980
A-T        0.00000    0.00000    0.00000    0.00000    0.00000    0.00000    0.00092    0.13823    3.41301    -0.19830   0.09239    38.18269
G-C        0.00000    0.00000    0.00000    0.00000    0.00000    0.00000    0.07703    -0.23824   3.31650    -2.29328   4.16690    31.54736
T-A        0.00000    0.00000    0.00000    0.00000    0.00000    0.00000    -0.08869   0.52807    3.30659    -1.38536   4.82366    36.62974
G-C        0.00000    0.00000    0.00000    0.00000    0.00000    0.00000    -0.15137   -0.82060   3.34543    -0.65724   2.41260    29.47473
A-T        0.00000    0.00000    0.00000    0.00000    0.00000    0.00000    -0.27476   0.09875    3.28886    -2.07193   4.57438    34.83643
C-G        0.00000    0.00000    0.00000    0.00000    0.00000    0.00000    0.11572    -0.58851   3.32620    0.00838    2.37030    30.17274
T-A        0.00000    0.00000    0.00000    0.00000    0.00000    0.00000    0.27252    0.09877    3.33433    2.33381    2.96091    35.37369
G-C        0.00000    0.00000    0.00000    0.00000    0.00000    0.00000    -0.09315   -0.71648   3.35568    1.61742    1.67446    29.18929
C-G        0.00000    0.00000    0.00000    0.00000    0.00000    0.00000    0.10693    -0.35404   3.40031    1.47019    -0.21768   33.04563
A-T        0.00000    0.00000    0.00000    0.00000    0.00000    0.00000    0.10667    0.59273    3.31158    1.19959    2.83229    37.22370
T-A        0.00000    0.00000    0.00000    0.00000    0.00000    0.00000    0.01439    -0.59834   3.31480    0.03366    -1.11463   29.77404
A-T        0.00000    0.00000    0.00000    0.00000    0.00000    0.00000    -0.00945   0.14307    3.40815    -0.40856   -0.26732   38.07047
T-A        0.00000    0.00000    0.00000    0.00000    0.00000    0.00000    -0.02460   -0.59906   3.30554    -0.63982   0.36755    29.08769
G-C        0.00000    0.00000    0.00000    0.00000    0.00000    0.00000    -0.15778   -0.74015   3.34248    -1.23307   1.40992    30.29943
T-A        0.00000    0.00000    0.00000    0.00000    0.00000    0.00000    -0.10071   0.52289    3.28861    -1.31847   6.03832    36.04791
T-A        0.00000    0.00000    0.00000    0.00000    0.00000    0.00000    -0.03980   -0.00015   3.25612    0.92842    4.41313    33.19644
G-C        0.00000    0.00000    0.00000    0.00000    0.00000    0.00000    -0.11900   -0.93261   3.35090    0.91527    4.11090    27.93889
T-A        0.00000    0.00000    0.00000    0.00000    0.00000    0.00000    -0.09046   0.51668    3.31737    0.45982    6.23665    36.14819
G-C        0.00000    0.00000    0.00000    0.00000    0.00000    0.00000    -0.08608   -0.69616   3.35757    1.97009    1.41991    29.24492
T-A        0.00000    0.00000    0.00000    0.00000    0.00000    0.00000    -0.06786   0.52918    3.35147    0.51356    4.05959    37.24355
T-A        0.00000    0.00000    0.00000    0.00000    0.00000    0.00000    0.06227    -0.15628   3.27702    2.09673    -2.51823   35.99285
T-A        0.00000    0.00000    0.00000    0.00000    0.00000    0.00000    0.03451    -0.16218   3.28763    1.21496    -2.83332   36.06139
T-A        0.00000    0.00000    0.00000    0.00000    0.00000    0.00000    -0.00093   -0.13439   3.29082    0.37311    -1.68612   35.62985
A-T        0.00000    0.00000    0.00000    0.00000    0.00000    0.00000    -0.04269   0.03226    3.40687    -0.97493   3.01272    37.32919
C-G        0.00000    0.00000    0.00000    0.00000    0.00000    0.00000    0.11811    -0.60237   3.35887    -1.33920   2.01453    30.70647
A-T        0.00000    0.00000    0.00000    0.00000    0.00000    0.00000    0.05877    0.19516    3.32926    -0.65685   8.27825    34.07431
G-C        0.00000    0.00000    0.00000    0.00000    0.00000    0.00000    0.13010    -0.26246   3.32619    -1.90249   6.17549    30.90908
T-A        0.00000    0.00000    0.00000    0.00000    0.00000    0.00000    -0.09413   0.51297    3.31402    0.48205    6.67008    36.22643
A-T        0.00000    0.00000    0.00000    0.00000    0.00000    0.00000    0.04442    -0.00723   3.40673    1.01408    4.89200    36.94168
T-A        0.00000    0.00000    0.00000    0.00000    0.00000    0.00000    0.04292    -0.59175   3.31333    0.87103    -0.03490   29.68204
T-A        0.00000    0.00000    0.00000    0.00000    0.00000    0.00000    0.08044    -0.16431   3.27323    2.47585    -2.74471   36.31404
A-T        0.00000    0.00000    0.00000    0.00000    0.00000    0.00000    0.00232    0.26785    3.42810    -0.02531   -3.09010   39.63947
T-A        0.00000    0.00000    0.00000    0.00000    0.00000    0.00000    -0.02359   -0.59718   3.32374    -0.56161   -1.69157   30.45222
G-C        0.00000    0.00000    0.00000    0.00000    0.00000    0.00000    -0.16915   -0.49269   3.34380    -1.81017   -0.74713   32.66950
T-A        0.00000    0.00000    0.00000    0.00000    0.00000    0.00000    -0.09962   0.53785    3.29307    -1.91754   5.17890    36.77073
A-T        0.00000    0.00000    0.00000    0.00000    0.00000    0.00000    -0.03137   -0.15459   3.39246    -0.68785   8.62551    35.49276
G-C        0.00000    0.00000    0.00000    0.00000    0.00000    0.00000    0.11415    -0.26244   3.31657    -2.21881   6.33903    30.97971
T-A        0.00000    0.00000    0.00000    0.00000    0.00000    0.00000    -0.09028   0.51029    3.30668    0.31355    6.97493    36.10532
C-G        0.00000    0.00000    0.00000    0.00000    0.00000    0.00000    -0.04579   -0.17115   3.24693    3.67143    6.58611    31.00223
T-A        0.00000    0.00000    0.00000    0.00000    0.00000    0.00000    0.39820    0.10912    3.32058    3.09753    2.08692    36.48799
G-C        0.00000    0.00000    0.00000    0.00000    0.00000    0.00000    -0.10213   -0.41879   3.36406    1.54802    -1.73304   32.00799
T-A        0.00000    0.00000    0.00000    0.00000    0.00000    0.00000    -0.08097   0.53975    3.36417    -0.30588   2.48581    38.25373
T-A        0.00000    0.00000    0.00000    0.00000    0.00000    0.00000    0.02397    -0.16804   3.29120    0.87231    -3.18283   36.42359
T-A        0.00000    0.00000    0.00000    0.00000    0.00000    0.00000    -0.00624   -0.11939   3.29107    0.07767    -1.37742   35.78434
T-A        0.00000    0.00000    0.00000    0.00000    0.00000    0.00000    -0.02279   -0.05695   3.28236    -0.20274   1.16251    34.88737
T-A        0.00000    0.00000    0.00000    0.00000    0.00000    0.00000    -0.02146   -0.00419   3.26882    0.09225    3.48345    34.05537
T-A        0.00000    0.00000    0.00000    0.00000    0.00000    0.00000    -0.00289   0.02112    3.25545    0.82806    4.79510    33.59376
A-T        0.00000    0.00000    0.00000    0.00000    0.00000    0.00000    0.02064    -0.16407   3.40277    0.33141    9.28485    35.79343
T-A        0.00000    0.00000    0.00000    0.00000    0.00000    0.00000    0.03855    -0.58707   3.29635    0.69555    3.22465    28.37427
G-C        0.00000    0.00000    0.00000    0.00000    0.00000    0.00000    -0.09269   -0.63278   3.37231    1.94924    1.40178    30.62443
C-G        0.00000    0.00000    0.00000    0.00000    0.00000    0.00000    0.13441    -0.31347   3.41241    1.94579    -0.79605   34.07448
A-T        0.00000    0.00000    0.00000    0.00000    0.00000    0.00000    0.10738    0.76371    3.32298    1.57795    1.57623    39.40948
A-T        0.00000    0.00000    0.00000    0.00000    0.00000    0.00000    -0.07169   -0.17174   3.28432    -1.72769   -3.28321   36.64977
A-T        0.00000    0.00000    0.00000    0.00000    0.00000    0.00000    -0.09326   -0.14897   3.27141    -2.51137   -2.25814   36.33916
A-T        0.00000    0.00000    0.00000    0.00000    0.00000    0.00000    -0.09227   -0.10135   3.25804    -2.85187   -0.19212   35.63684
T-A        0.00000    0.00000    0.00000    0.00000    0.00000    0.00000    -0.03265   -0.58402   3.30398    -0.75738   2.16405    28.91272
C-G        0.00000    0.00000    0.00000    0.00000    0.00000    0.00000    -0.12575   -0.26178   3.30459    0.59337    7.35866    31.16973
T-A        0.00000    0.00000    0.00000    0.00000    0.00000    0.00000    0.27526    0.07775    3.36125    1.72570    3.35081    35.81009
A-T        0.00000    0.00000    0.00000    0.00000    0.00000    0.00000    0.02977    -0.12880   3.40388    0.46849    8.02458    36.07837
A-T        0.00000    0.00000    0.00000    0.00000    0.00000    0.00000    0.02843    -0.04624   3.27538    -0.12817   2.18291    34.44289
T-A        0.00000    0.00000    0.00000    0.00000    0.00000    0.00000    0.03348    -0.59450   3.31238    0.73891    0.65698    29.50816
T-A        0.00000    0.00000    0.00000    0.00000    0.00000    0.00000    0.06525    -0.14783   3.26943    2.42640    -1.65360   36.01415
T-A        0.00000    0.00000    0.00000    0.00000    0.00000    0.00000    0.04443    -0.16328   3.28027    1.76291    -2.58776   36.29528
A-T        0.00000    0.00000    0.00000    0.00000    0.00000    0.00000    -0.02584   0.21694    3.43259    -0.35501   -1.19064   39.36286
A-T        0.00000    0.00000    0.00000    0.00000    0.00000    0.00000    -0.08640   -0.11403   3.26555    -2.52752   -0.85791   35.81268
T-A        0.00000    0.00000    0.00000    0.00000    0.00000    0.00000    -0.03096   -0.58522   3.30947    -0.67093   1.30421    29.27163
A-T        0.00000    0.00000    0.00000    0.00000    0.00000    0.00000    -0.01976   -0.03412   3.41314    -0.57760   6.10978    36.89470
T-A        0.00000    0.00000    0.00000    0.00000    0.00000    0.00000    0.00305    -0.58445   3.29403    -0.19555   3.46942    28.13854
A-T        0.00000    0.00000    0.00000    0.00000    0.00000    0.00000    0.01886    -0.10809   3.40708    0.18334    7.61443    36.27423
T-A        0.00000    0.00000    0.00000    0.00000    0.00000    0.00000    0.03076    -0.58973   3.29956    0.45437    2.73084    28.51326
T-A        0.00000    0.00000    0.00000    0.00000    0.00000    0.00000    0.06202    -0.08142   3.25829    2.41099    1.15768    35.00873
G-C        0.00000    0.00000    0.00000    0.00000    0.00000    0.00000    -0.11239   -0.55827   3.36772    1.24744    -0.03643   31.28963
A-T        0.00000    0.00000    0.00000    0.00000    0.00000    0.00000    -0.26838   0.03820    3.43107    -0.74829   -0.24395   36.90366
T-A        0.00000    0.00000    0.00000    0.00000    0.00000    0.00000    -0.01298   -0.59474   3.32258    -0.00492   -0.98293   30.20854
A-T        0.00000    0.00000    0.00000    0.00000    0.00000    0.00000    -0.02489   0.16689    3.42666    -0.35230   0.18266    38.76184
T-A        0.00000    0.00000    0.00000    0.00000    0.00000    0.00000    -0.02851   -0.58831   3.31420    -0.49230   0.38091    29.59162
T-A        0.00000    0.00000    0.00000    0.00000    0.00000    0.00000    0.00008    -0.05508   3.27705    0.50407    1.24892    34.79839
T-A        0.00000    0.00000    0.00000    0.00000    0.00000    0.00000    0.00797    -0.02913   3.26970    0.73670    2.43008    34.39049
A-T        0.00000    0.00000    0.00000    0.00000    0.00000    0.00000    0.00661    -0.06860   3.40877    -0.07402   6.66653    36.53877
T-A        0.00000    0.00000    0.00000    0.00000    0.00000    0.00000    0.02087    -0.58868   3.29839    0.20013    2.79021    28.41215
A-T        0.00000    0.00000    0.00000    0.00000    0.00000    0.00000    0.02577    -0.02991   3.41362    0.43975    5.11439    37.07600
T-A        0.00000    0.00000    0.00000    0.00000    0.00000    0.00000    0.02141    -0.59374   3.31025    0.44197    1.10242    29.26300
C-G        0.00000    0.00000    0.00000    0.00000    0.00000    0.00000    -0.06983   -0.24143   3.34373    2.50275    3.47677    32.12641
A-T        0.00000    0.00000    0.00000    0.00000    0.00000    0.00000    0.08915    0.64520    3.32999    0.90692    3.10501    38.30465
T-A        0.00000    0.00000    0.00000    0.00000    0.00000    0.00000    -0.01562   -0.59185   3.32155    -0.08687   -0.44538   30.08690
T-A        0.00000    0.00000    0.00000    0.00000    0.00000    0.00000    0.01806    -0.10459   3.28061    0.97028    -0.58996   35.57566
T-A        0.00000    0.00000    0.00000    0.00000    0.00000    0.00000    0.01493    -0.07730   3.27847    0.77473    0.38127    35.24086
T-A        0.00000    0.00000    0.00000    0.00000    0.00000    0.00000    0.01863    -0.05312   3.27389    0.81591    1.37832    34.90014
A-T        0.00000    0.00000    0.00000    0.00000    0.00000    0.00000    -0.00020   -0.00805   3.41937    -0.18620   5.28815    37.30066
C-G        0.00000    0.00000    0.00000    0.00000    0.00000    0.00000    0.14730    -0.58470   3.35044    -0.11720   1.50152    31.21429
G-C        0.00000    0.00000    0.00000    0.00000    0.00000    0.00000    0.06794    0.40936    3.38818    0.59085    6.41371    35.66989
T-A        0.00000    0.00000    0.00000    0.00000    0.00000    0.00000    -0.08740   0.51966    3.33892    -0.02093   4.90616    37.38479
T-A        0.00000    0.00000    0.00000    0.00000    0.00000    0.00000    0.04899    -0.10212   3.26881    1.89643    0.10173    35.46115
T-A        0.00000    0.00000    0.00000    0.00000    0.00000    0.00000    0.04234    -0.11282   3.27296    1.71808    -0.46899   35.64656
C-G        0.00000    0.00000    0.00000    0.00000    0.00000    0.00000    -0.08570   -0.25209   3.37193    1.68929    3.20565    32.45990
T-A        0.00000    0.00000    0.00000    0.00000    0.00000    0.00000    0.26854    0.09158    3.38227    1.17391    1.41811    36.58693
C-G        0.00000    0.00000    0.00000    0.00000    0.00000    0.00000    -0.09480   -0.25021   3.36775    1.19112    3.97450    32.30375
G-C        0.00000    0.00000    0.00000    0.00000    0.00000    0.00000    -0.04739   0.41659    3.39366    -0.62640   5.45683    36.27478
T-A        0.00000    0.00000    0.00000    0.00000    0.00000    0.00000    -0.08625   0.53312    3.32323    -0.70484   5.02475    37.23803
T-A        0.00000    0.00000    0.00000    0.00000    0.00000    0.00000    0.03782    -0.05512   3.26845    1.33097    1.61370    34.86339
C-G        0.00000    0.00000    0.00000    0.00000    0.00000    0.00000    -0.08168   -0.23618   3.32292    1.88573    5.27748    31.77941
A-T        0.00000    0.00000    0.00000    0.00000    0.00000    0.00000    0.10367    0.50111    3.33296    0.86892    5.06800    37.45361
G-C        0.00000    0.00000    0.00000    0.00000    0.00000    0.00000    0.10007    -0.25930   3.35312    -1.39453   4.39835    32.05392
C-G        0.00000    0.00000    0.00000    0.00000    0.00000    0.00000    0.01558    -0.35965   3.40723    0.31497    -0.05348   33.90140
T-A        0.00000    0.00000    0.00000    0.00000    0.00000    0.00000    0.28753    0.08989    3.37182    1.52736    1.63140    36.55077
T-A        0.00000    0.00000    0.00000    0.00000    0.00000    0.00000    0.03253    -0.09491   3.27463    1.36926    -0.03995   35.47409
T-A        0.00000    0.00000    0.00000    0.00000    0.00000    0.00000    0.03322    -0.08575   3.27496    1.25373    0.19100    35.39840
T-A        0.00000    0.00000    0.00000    0.00000    0.00000    0.00000    0.03605    -0.07645   3.27429    1.20615    0.51414    35.29347
T-A        0.00000    0.00000    0.00000    0.00000    0.00000    0.00000    0.03954    -0.07030   3.27301    1.23039    0.81089    35.19690
T-A        0.00000    0.00000    0.00000    0.00000    0.00000    0.00000    0.04200    -0.06898   3.27162    1.30593    0.99321    35.13659
A-T        0.00000    0.00000    0.00000    0.00000    0.00000    0.00000    0.00663    0.03171    3.42649    0.00406    3.84443    37.90535
T-A        0.00000    0.00000    0.00000    0.00000    0.00000    0.00000    0.00551    -0.59077   3.31288    0.04264    1.28272    29.39066
A-T        0.00000    0.00000    0.00000    0.00000    0.00000    0.00000    0.00158    0.03812    3.42732    0.07135    3.51070    38.01114
C-G        0.00000    0.00000    0.00000    0.00000    0.00000    0.00000    0.12569    -0.58197   3.36261    -0.00669   0.63489    31.68053
T-A        0.00000    0.00000    0.00000    0.00000    0.00000    0.00000    0.28912    0.08706    3.37034    1.58548    1.85888    36.52866
A-T        0.00000    0.00000    0.00000    0.00000    0.00000    0.00000    -0.00475   0.08265    3.42990    0.04002    2.81277    38.29148
A-T        0.00000    0.00000    0.00000    0.00000    0.00000    0.00000    -0.04417   -0.08137   3.27323    -1.39206   0.34012    35.37807
C-G        0.00000    0.00000    0.00000    0.00000    0.00000    0.00000    0.13404    -0.57394   3.36642    -0.10993   0.46924    31.78093
T-A        0.00000    0.00000    0.00000    0.00000    0.00000    0.00000    0.30235    0.09264    3.37548    1.45378    1.75614    36.58187
T-A        0.00000    0.00000    0.00000    0.00000    0.00000    0.00000    0.04578    -0.08161   3.27390    1.33396    0.43536    35.34522
G-C        0.00000    0.00000    0.00000    0.00000    0.00000    0.00000    -0.12785   -0.54722   3.36512    -0.09367   0.54699    32.04281
A-T        0.00000    0.00000    0.00000    0.00000    0.00000    0.00000    -0.28217   0.08964    3.37180    -1.61749   1.89888    36.47263
G-C        0.00000    0.00000    0.00000    0.00000    0.00000    0.00000    0.06884    -0.25733   3.34048    -1.83082   4.60311    32.12437
C-G        0.00000    0.00000    0.00000    0.00000    0.00000    0.00000    -0.01253   -0.39760   3.40098    -0.09283   0.54219    33.72799
G-C        0.00000    0.00000    0.00000    0.00000    0.00000    0.00000    -0.01933   0.40502    3.39361    0.00606    5.66242    36.21645
A-T        0.00000    0.00000    0.00000    0.00000    0.00000    0.00000    -0.28714   0.10415    3.37361    -1.33470   2.16381    36.46186
A-T        0.00000    0.00000    0.00000    0.00000    0.00000    0.00000    -0.03854   -0.07043   3.27318    -1.21045   0.73991    35.22517
A-T        0.00000    0.00000    0.00000    0.00000    0.00000    0.00000    -0.03392   -0.07870   3.27439    -1.20281   0.40588    35.33196
C-G        0.00000    0.00000    0.00000    0.00000    0.00000    0.00000    0.13879    -0.57216   3.36567    0.04293    0.32157    31.82837
G-C        0.00000    0.00000    0.00000    0.00000    0.00000    0.00000    0.02532    0.40213    3.39902    0.07230    4.56892    36.82207
G-C        0.00000    0.00000    0.00000    0.00000    0.00000    0.00000    0.07381    -0.21027   3.42599    -0.10785   3.14914    33.19539
G-C        0.00000    0.00000    0.00000    0.00000    0.00000    0.00000    0.04234    -0.22474   3.41939    -0.33226   3.43146    33.10450
A-T        0.00000    0.00000    0.00000    0.00000    0.00000    0.00000    -0.29157   0.09943    3.36407    -1.90230   1.93611    36.41278
A-T        0.00000    0.00000    0.00000    0.00000    0.00000    0.00000    -0.04553   -0.07243   3.26691    -1.65702   1.19967    35.05942
G-C        0.00000    0.00000    0.00000    0.00000    0.00000    0.00000    0.05807    -0.25567   3.33813    -1.90976   4.88124    32.05474
G-C        0.00000    0.00000    0.00000    0.00000    0.00000    0.00000    0.00022    -0.23421   3.41764    -0.11335   4.28195    33.16780
G-C        0.00000    0.00000    0.00000    0.00000    0.00000    0.00000    0.03597    -0.21781   3.42610    0.18956    3.99414    33.28506
T-A        0.00000    0.00000    0.00000    0.00000    0.00000    0.00000    -0.09448   0.53280    3.33968    -0.10919   4.72239    37.54235
T-A        0.00000    0.00000    0.00000    0.00000    0.00000    0.00000    0.06292    -0.09031   3.26997    1.82529    -0.01286   35.57912
