141 # base pairs
    0 # ***local base-pair & step parameters***
#            Shear    Stretch    Stagger     Buckle    Prop-Tw    Opening      Shift      Slide       Rise       Tilt       Roll      Twist
C-G            0.0        0.0        0.0        0.0        0.0        0.0        0.0        0.0        0.0        0.0        0.0        0.0
A-T            0.0        0.0        0.0        0.0        0.0        0.0     -0.537      0.255      3.265     -5.564      2.181     35.662
A-T            0.0        0.0        0.0        0.0        0.0        0.0      0.587     -0.543      3.247      2.927     -2.185     33.492
T-A            0.0        0.0        0.0        0.0        0.0        0.0      0.063     -0.175      3.333     -1.967     -5.695     41.501
A-T            0.0        0.0        0.0        0.0        0.0        0.0      0.241     -0.797      3.349      0.515     -3.184     32.841
T-A            0.0        0.0        0.0        0.0        0.0        0.0      0.196     -0.305      3.245      2.477      -1.19     40.646
C-G            0.0        0.0        0.0        0.0        0.0        0.0     -0.193     -0.061      3.235      0.689      7.502     27.876
C-G            0.0        0.0        0.0        0.0        0.0        0.0      -0.48      0.307      3.253     -4.261      5.633     36.051
A-T            0.0        0.0        0.0        0.0        0.0        0.0      0.519     -0.778      3.379      0.423       4.46     28.314
C-G            0.0        0.0        0.0        0.0        0.0        0.0      0.379     -0.586      3.368      1.255      8.884     34.532
C-G            0.0        0.0        0.0        0.0        0.0        0.0     -0.625      0.273      3.472      0.922      9.812     29.822
T-A            0.0        0.0        0.0        0.0        0.0        0.0      0.222      1.413      3.207     -0.262      -6.26     43.669
G-C            0.0        0.0        0.0        0.0        0.0        0.0      -0.19      0.288       2.99      4.278      4.756     28.407
C-G            0.0        0.0        0.0        0.0        0.0        0.0      0.074      2.471      3.198     -2.781    -11.133     46.931
A-T            0.0        0.0        0.0        0.0        0.0        0.0      0.752     -0.128      3.517      0.753     -2.189     32.181
G-C            0.0        0.0        0.0        0.0        0.0        0.0      0.658     -0.348      3.531      2.353     -4.191     41.719
A-T            0.0        0.0        0.0        0.0        0.0        0.0      0.258     -0.436       3.15      3.857     -2.872     32.655
T-A            0.0        0.0        0.0        0.0        0.0        0.0     -0.166     -0.856      3.405     -2.527      10.91     28.306
A-T            0.0        0.0        0.0        0.0        0.0        0.0     -1.065      -0.49      3.022     -3.493     12.683     30.038
C-G            0.0        0.0        0.0        0.0        0.0        0.0      0.185     -0.481      3.571     -2.502      -2.25     35.515
T-A            0.0        0.0        0.0        0.0        0.0        0.0     -0.044     -1.055      3.135      3.261     17.833     29.572
A-T            0.0        0.0        0.0        0.0        0.0        0.0     -0.068     -0.368      3.075       0.16      1.047      29.75
C-G            0.0        0.0        0.0        0.0        0.0        0.0      0.099      0.177      3.421      6.649      7.828     29.682
C-G            0.0        0.0        0.0        0.0        0.0        0.0      0.287      2.462      2.996     -2.615     -8.452     43.359
A-T            0.0        0.0        0.0        0.0        0.0        0.0     -0.124      0.256      3.545     -2.516     -1.994     36.555
A-T            0.0        0.0        0.0        0.0        0.0        0.0      0.201     -0.309      3.587      5.063     -6.931     40.564
A-T            0.0        0.0        0.0        0.0        0.0        0.0      0.357     -0.232      3.246     -0.021      2.639     32.913
A-T            0.0        0.0        0.0        0.0        0.0        0.0     -0.308     -0.143      3.801     -0.173       7.54     34.426
G-C            0.0        0.0        0.0        0.0        0.0        0.0     -0.166      -0.51      2.747     -2.284      6.108     30.993
T-A            0.0        0.0        0.0        0.0        0.0        0.0      0.348     -0.469      3.232    -13.435      5.735     30.222
G-C            0.0        0.0        0.0        0.0        0.0        0.0     -0.582     -0.863      3.378      8.341       5.58     30.817
T-A            0.0        0.0        0.0        0.0        0.0        0.0      0.522     -0.358      3.622      3.028      5.242      36.03
A-T            0.0        0.0        0.0        0.0        0.0        0.0     -0.046     -0.528      2.923     -2.734      2.908     34.024
T-A            0.0        0.0        0.0        0.0        0.0        0.0      0.012     -0.282      3.661      1.576     -2.993     40.167
T-A            0.0        0.0        0.0        0.0        0.0        0.0     -0.176     -0.182      3.022     -0.298     -0.676     28.622
T-A            0.0        0.0        0.0        0.0        0.0        0.0     -0.433      2.584      3.249     -2.297    -18.431     50.038
G-C            0.0        0.0        0.0        0.0        0.0        0.0      0.946      0.859      3.471      2.037      7.011     28.541
G-C            0.0        0.0        0.0        0.0        0.0        0.0      -1.23      0.922      3.197     -4.814     -0.681     38.148
A-T            0.0        0.0        0.0        0.0        0.0        0.0     -0.024     -0.206      3.414     -0.857      4.481     34.183
A-T            0.0        0.0        0.0        0.0        0.0        0.0      0.333      0.188      3.012      1.383      8.815     33.241
A-T            0.0        0.0        0.0        0.0        0.0        0.0      0.244     -0.514      3.271       4.64      8.726     29.631
C-G            0.0        0.0        0.0        0.0        0.0        0.0      1.265      0.015       3.41      2.297      17.05     32.123
T-A            0.0        0.0        0.0        0.0        0.0        0.0      -1.67      0.815      3.253     -5.864      3.069     37.421
G-C            0.0        0.0        0.0        0.0        0.0        0.0      0.592      0.994       3.37      1.348     -2.349     42.301
C-G            0.0        0.0        0.0        0.0        0.0        0.0      -1.15      0.481      3.307      -4.67     -4.431     34.136
T-A            0.0        0.0        0.0        0.0        0.0        0.0      1.333      0.973      3.135      6.116     -1.236      43.25
C-G            0.0        0.0        0.0        0.0        0.0        0.0     -1.197       0.43      3.421     -5.764      -2.28     34.131
C-G            0.0        0.0        0.0        0.0        0.0        0.0      -0.23      0.137      3.558      0.445      4.154     36.413
A-T            0.0        0.0        0.0        0.0        0.0        0.0      0.728     -0.401      2.877      2.858      6.014     26.033
T-A            0.0        0.0        0.0        0.0        0.0        0.0      -0.34      -0.24      3.249     -4.031      8.825     33.387
C-G            0.0        0.0        0.0        0.0        0.0        0.0      0.192      0.253      3.904       7.23     12.453     33.043
A-T            0.0        0.0        0.0        0.0        0.0        0.0      0.782      1.052      3.348      3.348     23.811     25.921
A-T            0.0        0.0        0.0        0.0        0.0        0.0     -0.999       0.48      2.833     -9.834     -1.561     24.227
A-T            0.0        0.0        0.0        0.0        0.0        0.0     -0.343     -0.096        3.4      3.055      7.812     38.086
A-T            0.0        0.0        0.0        0.0        0.0        0.0      1.556      0.616      2.963      2.198    -12.387     32.245
G-C            0.0        0.0        0.0        0.0        0.0        0.0     -1.319      1.085      4.014     -1.601     -3.209     42.755
G-C            0.0        0.0        0.0        0.0        0.0        0.0      1.498      0.683      3.784      6.098    -12.523     39.013
C-G            0.0        0.0        0.0        0.0        0.0        0.0     -1.269      0.723      3.362     -6.132      7.913     34.863
A-T            0.0        0.0        0.0        0.0        0.0        0.0     -0.366     -0.523      3.122     -3.002     -0.314      30.19
T-A            0.0        0.0        0.0        0.0        0.0        0.0      0.156      0.512        3.6      0.835     10.302     36.543
G-C            0.0        0.0        0.0        0.0        0.0        0.0     -0.227     -0.423      2.964     -5.462      4.162     32.401
T-A            0.0        0.0        0.0        0.0        0.0        0.0     -0.266      0.029      3.474     -0.076      8.548     32.921
T-A            0.0        0.0        0.0        0.0        0.0        0.0      0.523      0.201      3.078      3.578      5.399      32.02
C-G            0.0        0.0        0.0        0.0        0.0        0.0      0.723      0.893      3.319      4.716      9.598     34.949
A-T            0.0        0.0        0.0        0.0        0.0        0.0     -0.976      1.559      3.389     -3.868     -4.136     41.002
G-C            0.0        0.0        0.0        0.0        0.0        0.0      1.017      1.301      3.416      1.519     -6.111     41.224
C-G            0.0        0.0        0.0        0.0        0.0        0.0     -0.808      0.512      3.313     -1.385     -2.691      33.84
T-A            0.0        0.0        0.0        0.0        0.0        0.0      0.875      1.755        3.4      3.779     -2.566     43.515
G-C            0.0        0.0        0.0        0.0        0.0        0.0      0.242      0.291      3.178     -3.518        6.9     27.259
G-C            0.0        0.0        0.0        0.0        0.0        0.0     -0.577     -0.049      3.387     -2.933      5.913     36.593
A-T            0.0        0.0        0.0        0.0        0.0        0.0     -0.155     -0.312      3.296     -2.798      4.589     36.505
A-T            0.0        0.0        0.0        0.0        0.0        0.0     -0.126     -1.059      3.162      3.149      6.993     28.848
T-A            0.0        0.0        0.0        0.0        0.0        0.0     -0.268       -0.2      3.349      0.717      6.235     32.335
C-G            0.0        0.0        0.0        0.0        0.0        0.0      0.188      0.091      3.284      2.354      6.734     30.215
C-G            0.0        0.0        0.0        0.0        0.0        0.0     -0.908      1.742      3.446     -2.555     -2.037     43.564
A-T            0.0        0.0        0.0        0.0        0.0        0.0      1.115      0.527      3.192      -0.47     -5.026      32.49
G-C            0.0        0.0        0.0        0.0        0.0        0.0     -1.265      1.294       3.46     -0.749      -6.46     41.506
C-G            0.0        0.0        0.0        0.0        0.0        0.0      1.279      1.572      3.358      4.063     -4.859     42.216
T-A            0.0        0.0        0.0        0.0        0.0        0.0     -0.641      0.778       3.21     -6.629      7.311     34.656
G-C            0.0        0.0        0.0        0.0        0.0        0.0     -0.486      0.089      3.444      1.246      7.318     33.642
A-T            0.0        0.0        0.0        0.0        0.0        0.0      0.382      0.126       3.27      1.664      9.696     31.977
A-T            0.0        0.0        0.0        0.0        0.0        0.0     -0.084     -0.403      3.409     -3.343      6.675     31.583
C-G            0.0        0.0        0.0        0.0        0.0        0.0      -0.47      0.569      3.424     -0.376      9.092     35.449
A-T            0.0        0.0        0.0        0.0        0.0        0.0      0.109     -0.455      3.199     -0.012      0.684     28.671
T-A            0.0        0.0        0.0        0.0        0.0        0.0      0.934       0.44      3.563      2.187       4.68     34.548
G-C            0.0        0.0        0.0        0.0        0.0        0.0     -1.295      0.516      3.312     -3.004     -7.009     38.705
C-G            0.0        0.0        0.0        0.0        0.0        0.0       0.48      1.942      3.656      1.057     -8.315     45.871
C-G            0.0        0.0        0.0        0.0        0.0        0.0     -0.362      1.659      3.469     -1.993     -9.281     40.372
T-A            0.0        0.0        0.0        0.0        0.0        0.0      0.085      0.195      3.161     -3.205      3.716     32.367
T-A            0.0        0.0        0.0        0.0        0.0        0.0      0.522     -0.075       3.33      1.824     10.621     31.271
T-A            0.0        0.0        0.0        0.0        0.0        0.0     -0.038      0.456      3.275      1.493     11.254     30.061
T-A            0.0        0.0        0.0        0.0        0.0        0.0       0.03      -0.53      3.811      2.097     21.627     24.493
G-C            0.0        0.0        0.0        0.0        0.0        0.0      0.066     -0.548      3.043     -4.288      5.312     33.635
A-T            0.0        0.0        0.0        0.0        0.0        0.0     -0.437     -0.582      3.002     -0.555      4.756     24.041
T-A            0.0        0.0        0.0        0.0        0.0        0.0     -0.265      0.471      3.311      -3.58      0.745     40.937
G-C            0.0        0.0        0.0        0.0        0.0        0.0      1.254      0.248      3.564      9.784      2.026     32.401
G-C            0.0        0.0        0.0        0.0        0.0        0.0     -1.428      1.335      3.172     -6.654     -4.384     42.756
A-T            0.0        0.0        0.0        0.0        0.0        0.0      1.027      0.338      3.321     -2.705     -2.979     35.016
G-C            0.0        0.0        0.0        0.0        0.0        0.0     -0.811        0.5      3.199     -0.416     -3.193     38.029
C-G            0.0        0.0        0.0        0.0        0.0        0.0      1.479      0.687      3.535      6.789      1.571     37.714
A-T            0.0        0.0        0.0        0.0        0.0        0.0      -1.34      0.093      3.498     -6.708     12.666     31.934
G-C            0.0        0.0        0.0        0.0        0.0        0.0     -0.778     -0.335      3.016     -3.382      9.566     31.256
T-A            0.0        0.0        0.0        0.0        0.0        0.0      0.013      0.001      3.346      0.643      9.127     30.199
T-A            0.0        0.0        0.0        0.0        0.0        0.0     -0.192     -0.059       3.34     -0.194      5.388     40.481
T-A            0.0        0.0        0.0        0.0        0.0        0.0      1.208      0.657      3.229      5.232     -1.947     34.783
C-G            0.0        0.0        0.0        0.0        0.0        0.0     -1.042      0.888      3.168      0.376      6.501     29.913
C-G            0.0        0.0        0.0        0.0        0.0        0.0      0.803      2.323      3.302      2.169    -15.604     47.156
A-T            0.0        0.0        0.0        0.0        0.0        0.0      0.077      -0.12      2.932     -1.413      1.976     34.591
A-T            0.0        0.0        0.0        0.0        0.0        0.0     -0.236     -0.292      3.925      4.301      0.778     37.026
A-T            0.0        0.0        0.0        0.0        0.0        0.0      0.175     -0.404      2.961     -3.133     -2.983     33.061
T-A            0.0        0.0        0.0        0.0        0.0        0.0      0.043     -0.032      3.668      1.033      4.095     38.509
A-T            0.0        0.0        0.0        0.0        0.0        0.0      0.375      -0.74      3.133     -3.833     13.867     25.345
C-G            0.0        0.0        0.0        0.0        0.0        0.0     -0.048      0.084      3.181      2.151      7.265     33.374
A-T            0.0        0.0        0.0        0.0        0.0        0.0      0.352     -0.129      3.265      2.468      4.971     36.927
C-G            0.0        0.0        0.0        0.0        0.0        0.0     -0.288      -0.28      3.256     -1.617      1.232     30.643
T-A            0.0        0.0        0.0        0.0        0.0        0.0     -0.133     -0.538      3.578      -0.42      0.744     35.669
T-A            0.0        0.0        0.0        0.0        0.0        0.0     -0.063      -0.05      3.342      2.214     -5.647     39.478
T-A            0.0        0.0        0.0        0.0        0.0        0.0     -0.361      0.222      3.148      1.354     -3.017     35.151
T-A            0.0        0.0        0.0        0.0        0.0        0.0     -0.044       2.29      3.253      -2.76    -10.704     41.677
G-C            0.0        0.0        0.0        0.0        0.0        0.0      0.045     -0.046       3.36      -1.07      9.409     28.889
G-C            0.0        0.0        0.0        0.0        0.0        0.0      -0.11     -0.479      3.238     -3.182      2.447      30.97
T-A            0.0        0.0        0.0        0.0        0.0        0.0      0.314     -0.919      3.018      0.056     13.308     33.758
A-T            0.0        0.0        0.0        0.0        0.0        0.0     -0.311     -0.475      3.812      6.415      6.461     29.404
G-C            0.0        0.0        0.0        0.0        0.0        0.0      1.342     -0.147      2.832      0.798     10.666     25.435
T-A            0.0        0.0        0.0        0.0        0.0        0.0      0.463     -0.077      3.443     -8.345      7.085     35.233
A-T            0.0        0.0        0.0        0.0        0.0        0.0     -0.877     -0.844      3.148      4.073     -3.531     35.081
T-A            0.0        0.0        0.0        0.0        0.0        0.0      0.188     -0.595      3.802     -3.674      -3.18     39.329
C-G            0.0        0.0        0.0        0.0        0.0        0.0     -0.661     -0.442      3.212      -2.86      2.012     31.903
T-A            0.0        0.0        0.0        0.0        0.0        0.0     -0.298      2.539      3.178      3.118     -16.22     46.412
G-C            0.0        0.0        0.0        0.0        0.0        0.0      0.028      0.398      2.763     -0.483      7.566     31.417
C-G            0.0        0.0        0.0        0.0        0.0        0.0     -0.061      1.867      3.737      -0.93     -0.582     42.023
A-T            0.0        0.0        0.0        0.0        0.0        0.0       0.29      0.483       2.97     -5.223      6.319     28.189
G-C            0.0        0.0        0.0        0.0        0.0        0.0     -0.377     -0.391      3.424     -3.501     14.076     34.619
G-C            0.0        0.0        0.0        0.0        0.0        0.0     -0.597     -0.519      3.264      0.527      4.985     30.073
T-A            0.0        0.0        0.0        0.0        0.0        0.0     -0.183      -0.04       3.33     -0.793      9.818     35.308
G-C            0.0        0.0        0.0        0.0        0.0        0.0      0.891      0.116       3.29     -0.612      4.181     30.772
G-C            0.0        0.0        0.0        0.0        0.0        0.0      -0.12      -0.23      3.353     -1.596      1.524     35.307
A-T            0.0        0.0        0.0        0.0        0.0        0.0     -0.095     -0.589      3.171     -0.262      -0.75     31.919
T-A            0.0        0.0        0.0        0.0        0.0        0.0      -0.16      0.186      3.539     -2.115     -7.488     43.596
A-T            0.0        0.0        0.0        0.0        0.0        0.0     -0.293      -0.63      3.245      0.284     -0.536     32.212
T-A            0.0        0.0        0.0        0.0        0.0        0.0      0.282     -0.074      3.136       3.22      0.454     35.137
