337 # base pairs
  0 # ***local base-pair & step parameters***
#          Shear      Stretch    Stagger    Buckle     Prop-Tw    Opening    Shift      Slide      Rise       Tilt       Roll       Twist
T-A        0.00000    0.00000    0.00000    0.00000    0.00000    0.00000    0.00000    0.00000    0.00000    0.00000    0.00000    0.00000
T-A        0.00000    0.00000    0.00000    0.00000    0.00000    0.00000    -0.53700   0.25500    3.26500    -5.56401   2.18101    35.66202
T-A        0.00000    0.00000    0.00000    0.00000    0.00000    0.00000    0.58700    -0.54300   3.24700    2.92702    -2.18501   33.49196
C-G        0.00000    0.00000    0.00000    0.00000    0.00000    0.00000    0.06300    -0.17500   3.33300    -1.96700   -5.69500   41.50102
A-T        0.00000    0.00000    0.00000    0.00000    0.00000    0.00000    0.24100    -0.79700   3.34900    0.51497    -3.18401   32.84101
C-G        0.00000    0.00000    0.00000    0.00000    0.00000    0.00000    0.19600    -0.30500   3.24500    2.47704    -1.19001   40.64596
C-G        0.00000    0.00000    0.00000    0.00000    0.00000    0.00000    -0.19300   -0.06100   3.23500    0.68899    7.50201    27.87602
G-C        0.00000    0.00000    0.00000    0.00000    0.00000    0.00000    -0.48000   0.30700    3.25300    -4.26099   5.63298    36.05100
A-T        0.00000    0.00000    0.00000    0.00000    0.00000    0.00000    0.51900    -0.77800   3.37900    0.42302    4.46005    28.31399
T-A        0.00000    0.00000    0.00000    0.00000    0.00000    0.00000    0.37900    -0.58600   3.36800    1.25500    8.88396    34.53202
A-T        0.00000    0.00000    0.00000    0.00000    0.00000    0.00000    -0.62500   0.27300    3.47200    0.92200    9.81205    29.82198
T-A        0.00000    0.00000    0.00000    0.00000    0.00000    0.00000    0.22200    1.41300    3.20700    -0.26202   -6.26004   43.66897
C-G        0.00000    0.00000    0.00000    0.00000    0.00000    0.00000    -0.19000   0.28800    2.99000    4.27803    4.75600    28.40705
A-T        0.00000    0.00000    0.00000    0.00000    0.00000    0.00000    0.07400    2.47100    3.19800    -2.78099   -11.13297  46.93097
C-G        0.00000    0.00000    0.00000    0.00000    0.00000    0.00000    0.75200    -0.12800   3.51700    0.75297    -2.18897   32.18103
C-G        0.00000    0.00000    0.00000    0.00000    0.00000    0.00000    0.65800    -0.34800   3.53100    2.35298    -4.19101   41.71897
G-C        0.00000    0.00000    0.00000    0.00000    0.00000    0.00000    0.25800    -0.43600   3.15000    3.85701    -2.87204   32.65499
A-T        0.00000    0.00000    0.00000    0.00000    0.00000    0.00000    -0.16600   -0.85600   3.40500    -2.52699   10.91006   28.30599
A-T        0.00000    0.00000    0.00000    0.00000    0.00000    0.00000    -1.06500   -0.49000   3.02200    -3.49302   12.68295   30.03801
A-T        0.00000    0.00000    0.00000    0.00000    0.00000    0.00000    0.18500    -0.48100   3.57100    -2.50198   -2.25000   35.51502
C-G        0.00000    0.00000    0.00000    0.00000    0.00000    0.00000    -0.04400   -1.05500   3.13500    3.26102    17.83302   29.57197
G-C        0.00000    0.00000    0.00000    0.00000    0.00000    0.00000    -0.06800   -0.36800   3.07500    0.16000    1.04701    29.75003
C-G        0.00000    0.00000    0.00000    0.00000    0.00000    0.00000    0.09900    0.17700    3.42100    6.64901    7.82803    29.68201
G-C        0.00000    0.00000    0.00000    0.00000    0.00000    0.00000    0.28700    2.46200    2.99600    -2.61504   -8.45203   43.35898
C-G        0.00000    0.00000    0.00000    0.00000    0.00000    0.00000    -0.12400   0.25600    3.54500    -2.51598   -1.99400   36.55498
G-C        0.00000    0.00000    0.00000    0.00000    0.00000    0.00000    0.20100    -0.30900   3.58700    5.06303    -6.93103   40.56399
A-T        0.00000    0.00000    0.00000    0.00000    0.00000    0.00000    0.35700    -0.23200   3.24600    -0.02099   2.63902    32.91300
G-C        0.00000    0.00000    0.00000    0.00000    0.00000    0.00000    -0.30800   -0.14300   3.80100    -0.17299   7.53999    34.42604
G-C        0.00000    0.00000    0.00000    0.00000    0.00000    0.00000    -0.16600   -0.51000   2.74700    -2.28398   6.10805    30.99301
C-G        0.00000    0.00000    0.00000    0.00000    0.00000    0.00000    0.34800    -0.46900   3.23200    -13.43504  5.73497    30.22196
A-T        0.00000    0.00000    0.00000    0.00000    0.00000    0.00000    -0.58200   -0.86300   3.37800    8.34102    5.58002    30.81702
G-C        0.00000    0.00000    0.00000    0.00000    0.00000    0.00000    0.52200    -0.35800   3.62200    3.02798    5.24197    36.03000
C-G        0.00000    0.00000    0.00000    0.00000    0.00000    0.00000    -0.04600   -0.52800   2.92300    -2.73399   2.90799    34.02403
T-A        0.00000    0.00000    0.00000    0.00000    0.00000    0.00000    0.01200    -0.28200   3.66100    1.57604    -2.99299   40.16698
G-C        0.00000    0.00000    0.00000    0.00000    0.00000    0.00000    -0.17600   -0.18200   3.02200    -0.29802   -0.67597   28.62202
T-A        0.00000    0.00000    0.00000    0.00000    0.00000    0.00000    -0.43300   2.58400    3.24900    -2.29699   -18.43102  50.03799
A-T        0.00000    0.00000    0.00000    0.00000    0.00000    0.00000    0.94600    0.85900    3.47100    2.03699    7.01101    28.54102
T-A        0.00000    0.00000    0.00000    0.00000    0.00000    0.00000    -1.23000   0.92200    3.19700    -4.81401   -0.68100   38.14796
G-C        0.00000    0.00000    0.00000    0.00000    0.00000    0.00000    -0.02400   -0.20600   3.41400    -0.85703   4.48099    34.18303
G-C        0.00000    0.00000    0.00000    0.00000    0.00000    0.00000    0.33300    0.18800    3.01200    1.38304    8.81501    33.24101
C-G        0.00000    0.00000    0.00000    0.00000    0.00000    0.00000    0.24400    -0.51400   3.27100    4.64000    8.72598    29.63094
A-T        0.00000    0.00000    0.00000    0.00000    0.00000    0.00000    1.26500    0.01500    3.41000    2.29698    17.05000   32.12302
T-A        0.00000    0.00000    0.00000    0.00000    0.00000    0.00000    -1.67000   0.81500    3.25300    -5.86398   3.06904    37.42099
G-C        0.00000    0.00000    0.00000    0.00000    0.00000    0.00000    0.59200    0.99400    3.37000    1.34794    -2.34902   42.30100
A-T        0.00000    0.00000    0.00000    0.00000    0.00000    0.00000    -1.15000   0.48100    3.30700    -4.67000   -4.43104   34.13605
A-T        0.00000    0.00000    0.00000    0.00000    0.00000    0.00000    1.33300    0.97300    3.13500    6.11600    -1.23601   43.24996
A-T        0.00000    0.00000    0.00000    0.00000    0.00000    0.00000    -1.19700   0.43000    3.42100    -5.76397   -2.28002   34.13101
G-C        0.00000    0.00000    0.00000    0.00000    0.00000    0.00000    -0.23000   0.13700    3.55800    0.44501    4.15399    36.41302
A-T        0.00000    0.00000    0.00000    0.00000    0.00000    0.00000    0.72800    -0.40100   2.87700    2.85804    6.01400    26.03297
G-C        0.00000    0.00000    0.00000    0.00000    0.00000    0.00000    -0.34000   -0.24000   3.24900    -4.03101   8.82501    33.38699
T-A        0.00000    0.00000    0.00000    0.00000    0.00000    0.00000    0.19200    0.25300    3.90400    7.22995    12.45302   33.04302
T-A        0.00000    0.00000    0.00000    0.00000    0.00000    0.00000    0.78200    1.05200    3.34800    3.34804    23.81098   25.92098
C-G        0.00000    0.00000    0.00000    0.00000    0.00000    0.00000    -0.99900   0.48000    2.83300    -9.83401   -1.56097   24.22705
T-A        0.00000    0.00000    0.00000    0.00000    0.00000    0.00000    -0.34300   -0.09600   3.40000    3.05498    7.81198    38.08599
T-A        0.00000    0.00000    0.00000    0.00000    0.00000    0.00000    1.55600    0.61600    2.96300    2.19802    -12.38698  32.24501
C-G        0.00000    0.00000    0.00000    0.00000    0.00000    0.00000    -1.31900   1.08500    4.01400    -1.60101   -3.20900   42.75499
C-G        0.00000    0.00000    0.00000    0.00000    0.00000    0.00000    1.49800    0.68300    3.78400    6.09797    -12.52298  39.01298
C-G        0.00000    0.00000    0.00000    0.00000    0.00000    0.00000    -1.26900   0.72300    3.36200    -6.13198   7.91295    34.86300
G-C        0.00000    0.00000    0.00000    0.00000    0.00000    0.00000    -0.36600   -0.52300   3.12200    -3.00202   -0.31394   30.19003
G-C        0.00000    0.00000    0.00000    0.00000    0.00000    0.00000    0.15600    0.51200    3.60000    0.83500    10.30197   36.54297
A-T        0.00000    0.00000    0.00000    0.00000    0.00000    0.00000    -0.22700   -0.42300   2.96400    -5.46200   4.16198    32.40100
A-T        0.00000    0.00000    0.00000    0.00000    0.00000    0.00000    -0.26600   0.02900    3.47400    -0.07595   8.54799    32.92101
A-T        0.00000    0.00000    0.00000    0.00000    0.00000    0.00000    0.52300    0.20100    3.07800    3.57799    5.39903    32.02000
A-T        0.00000    0.00000    0.00000    0.00000    0.00000    0.00000    0.72300    0.89300    3.31900    4.71597    9.59801    34.94899
C-G        0.00000    0.00000    0.00000    0.00000    0.00000    0.00000    -0.97600   1.55900    3.38900    -3.86799   -4.13600   41.00200
G-C        0.00000    0.00000    0.00000    0.00000    0.00000    0.00000    1.01700    1.30100    3.41600    1.51899    -6.11104   41.22402
C-G        0.00000    0.00000    0.00000    0.00000    0.00000    0.00000    -0.80800   0.51200    3.31300    -1.38495   -2.69099   33.83997
G-C        0.00000    0.00000    0.00000    0.00000    0.00000    0.00000    0.87500    1.75500    3.40000    3.77900    -2.56596   43.51503
G-C        0.00000    0.00000    0.00000    0.00000    0.00000    0.00000    0.24200    0.29100    3.17800    -3.51803   6.89998    27.25898
T-A        0.00000    0.00000    0.00000    0.00000    0.00000    0.00000    -0.57700   -0.04900   3.38700    -2.93297   5.91298    36.59299
G-C        0.00000    0.00000    0.00000    0.00000    0.00000    0.00000    -0.15500   -0.31200   3.29600    -2.79801   4.58901    36.50499
G-C        0.00000    0.00000    0.00000    0.00000    0.00000    0.00000    -0.12600   -1.05900   3.16200    3.14901    6.99298    28.84804
A-T        0.00000    0.00000    0.00000    0.00000    0.00000    0.00000    -0.26800   -0.20000   3.34900    0.71702    6.23503    32.33498
A-T        0.00000    0.00000    0.00000    0.00000    0.00000    0.00000    0.18800    0.09100    3.28400    2.35401    6.73398    30.21499
T-A        0.00000    0.00000    0.00000    0.00000    0.00000    0.00000    -0.90800   1.74200    3.44600    -2.55501   -2.03698   43.56403
A-T        0.00000    0.00000    0.00000    0.00000    0.00000    0.00000    1.11500    0.52700    3.19200    -0.47002   -5.02597   32.49000
T-A        0.00000    0.00000    0.00000    0.00000    0.00000    0.00000    -1.26500   1.29400    3.46000    -0.74899   -6.46005   41.50598
T-A        0.00000    0.00000    0.00000    0.00000    0.00000    0.00000    1.27900    1.57200    3.35800    4.06299    -4.85894   42.21601
T-A        0.00000    0.00000    0.00000    0.00000    0.00000    0.00000    -0.64100   0.77800    3.21000    -6.62901   7.31095    34.65599
C-G        0.00000    0.00000    0.00000    0.00000    0.00000    0.00000    -0.48600   0.08900    3.44400    1.24604    7.31800    33.64202
G-C        0.00000    0.00000    0.00000    0.00000    0.00000    0.00000    0.38200    0.12600    3.27000    1.66396    9.69604    31.97700
T-A        0.00000    0.00000    0.00000    0.00000    0.00000    0.00000    -0.08400   -0.40300   3.40900    -3.34301   6.67496    31.58296
T-A        0.00000    0.00000    0.00000    0.00000    0.00000    0.00000    -0.47000   0.56900    3.42400    -0.37599   9.09197    35.44903
T-A        0.00000    0.00000    0.00000    0.00000    0.00000    0.00000    0.10900    -0.45500   3.19900    -0.01199   0.68404    28.67100
C-G        0.00000    0.00000    0.00000    0.00000    0.00000    0.00000    0.93400    0.44000    3.56300    2.18702    4.67997    34.54799
C-G        0.00000    0.00000    0.00000    0.00000    0.00000    0.00000    -1.29500   0.51600    3.31200    -3.00403   -7.00896   38.70501
T-A        0.00000    0.00000    0.00000    0.00000    0.00000    0.00000    0.48000    1.94200    3.65600    1.05699    -8.31500   45.87101
A-T        0.00000    0.00000    0.00000    0.00000    0.00000    0.00000    -0.36200   1.65900    3.46900    -1.99303   -9.28102   40.37197
C-G        0.00000    0.00000    0.00000    0.00000    0.00000    0.00000    0.08500    0.19500    3.16100    -3.20496   3.71600    32.36704
T-A        0.00000    0.00000    0.00000    0.00000    0.00000    0.00000    0.52200    -0.07500   3.33000    1.82401    10.62098   31.27098
A-T        0.00000    0.00000    0.00000    0.00000    0.00000    0.00000    -0.03800   0.45600    3.27500    1.49299    11.25403   30.06099
C-G        0.00000    0.00000    0.00000    0.00000    0.00000    0.00000    0.03000    -0.53000   3.81100    2.09701    21.62702   24.49296
G-C        0.00000    0.00000    0.00000    0.00000    0.00000    0.00000    0.06600    -0.54800   3.04300    -4.28803   5.31202    33.63500
A-T        0.00000    0.00000    0.00000    0.00000    0.00000    0.00000    -0.43700   -0.58200   3.00200    -0.55501   4.75597    24.04103
C-G        0.00000    0.00000    0.00000    0.00000    0.00000    0.00000    -0.26500   0.47100    3.31100    -3.57998   0.74500    40.93698
T-A        0.00000    0.00000    0.00000    0.00000    0.00000    0.00000    1.25400    0.24800    3.56400    9.78399    2.02604    32.40102
A-T        0.00000    0.00000    0.00000    0.00000    0.00000    0.00000    -1.42800   1.33500    3.17200    -6.65404   -4.38406   42.75598
C-G        0.00000    0.00000    0.00000    0.00000    0.00000    0.00000    1.02700    0.33800    3.32100    -2.70493   -2.97898   35.01602
T-A        0.00000    0.00000    0.00000    0.00000    0.00000    0.00000    -0.81100   0.50000    3.19900    -0.41604   -3.19300   38.02902
A-T        0.00000    0.00000    0.00000    0.00000    0.00000    0.00000    1.47900    0.68700    3.53500    6.78898    1.57102    37.71400
T-A        0.00000    0.00000    0.00000    0.00000    0.00000    0.00000    -1.34000   0.09300    3.49800    -6.70798   12.66596   31.93401
C-G        0.00000    0.00000    0.00000    0.00000    0.00000    0.00000    -0.77800   -0.33500   3.01600    -3.38196   9.56600    31.25598
A-T        0.00000    0.00000    0.00000    0.00000    0.00000    0.00000    0.01300    0.00100    3.34600    0.64296    9.12701    30.19901
G-C        0.00000    0.00000    0.00000    0.00000    0.00000    0.00000    -0.19200   -0.05900   3.34000    -0.19397   5.38797    40.48098
C-G        0.00000    0.00000    0.00000    0.00000    0.00000    0.00000    1.20800    0.65700    3.22900    5.23202    -1.94698   34.78298
C-G        0.00000    0.00000    0.00000    0.00000    0.00000    0.00000    -1.04200   0.88800    3.16800    0.37602    6.50102    29.91304
G-C        0.00000    0.00000    0.00000    0.00000    0.00000    0.00000    0.80300    2.32300    3.30200    2.16897    -15.60399  47.15601
G-C        0.00000    0.00000    0.00000    0.00000    0.00000    0.00000    0.07700    -0.12000   2.93200    -1.41301   1.97601    34.59096
A-T        0.00000    0.00000    0.00000    0.00000    0.00000    0.00000    -0.23600   -0.29200   3.92500    4.30098    0.77797    37.02600
A-T        0.00000    0.00000    0.00000    0.00000    0.00000    0.00000    0.17500    -0.40400   2.96100    -3.13299   -2.98296   33.06100
G-C        0.00000    0.00000    0.00000    0.00000    0.00000    0.00000    0.04300    -0.03200   3.66800    1.03299    4.09499    38.50902
C-G        0.00000    0.00000    0.00000    0.00000    0.00000    0.00000    0.37500    -0.74000   3.13300    -3.83301   13.86700   25.34500
C-G        0.00000    0.00000    0.00000    0.00000    0.00000    0.00000    -0.04800   0.08400    3.18100    2.15101    7.26497    33.37399
T-A        0.00000    0.00000    0.00000    0.00000    0.00000    0.00000    0.35200    -0.12900   3.26500    2.46800    4.97098    36.92700
A-T        0.00000    0.00000    0.00000    0.00000    0.00000    0.00000    -0.28800   -0.28000   3.25600    -1.61696   1.23202    30.64298
T-A        0.00000    0.00000    0.00000    0.00000    0.00000    0.00000    -0.13300   -0.53800   3.57800    -0.41998   0.74403    35.66898
G-C        0.00000    0.00000    0.00000    0.00000    0.00000    0.00000    -0.06300   -0.05000   3.34200    2.21397    -5.64696   39.47805
T-A        0.00000    0.00000    0.00000    0.00000    0.00000    0.00000    -0.36100   0.22200    3.14800    1.35396    -3.01705   35.15102
A-T        0.00000    0.00000    0.00000    0.00000    0.00000    0.00000    -0.04400   2.29000    3.25300    -2.75995   -10.70398  41.67698
C-G        0.00000    0.00000    0.00000    0.00000    0.00000    0.00000    0.04500    -0.04600   3.36000    -1.07003   9.40901    28.88900
C-G        0.00000    0.00000    0.00000    0.00000    0.00000    0.00000    -0.11000   -0.47900   3.23800    -3.18199   2.44701    30.97000
G-C        0.00000    0.00000    0.00000    0.00000    0.00000    0.00000    0.31400    -0.91900   3.01800    0.05597    13.30800   33.75798
A-T        0.00000    0.00000    0.00000    0.00000    0.00000    0.00000    -0.31100   -0.47500   3.81200    6.41498    6.46100    29.40402
G-C        0.00000    0.00000    0.00000    0.00000    0.00000    0.00000    1.34200    -0.14700   2.83200    0.79802    10.66598   25.43501
T-A        0.00000    0.00000    0.00000    0.00000    0.00000    0.00000    0.46300    -0.07700   3.44300    -8.34501   7.08502    35.23298
T-A        0.00000    0.00000    0.00000    0.00000    0.00000    0.00000    -0.87700   -0.84400   3.14800    4.07302    -3.53101   35.08099
C-G        0.00000    0.00000    0.00000    0.00000    0.00000    0.00000    0.18800    -0.59500   3.80200    -3.67401   -3.18001   39.32899
C-G        0.00000    0.00000    0.00000    0.00000    0.00000    0.00000    -0.66100   -0.44200   3.21200    -2.86001   2.01203    31.90300
G-C        0.00000    0.00000    0.00000    0.00000    0.00000    0.00000    -0.29800   2.53900    3.17800    3.11800    -16.22001  46.41200
A-T        0.00000    0.00000    0.00000    0.00000    0.00000    0.00000    0.02800    0.39800    2.76300    -0.48300   7.56600    31.41701
C-G        0.00000    0.00000    0.00000    0.00000    0.00000    0.00000    -0.06100   1.86700    3.73700    -0.93001   -0.58203   42.02302
A-T        0.00000    0.00000    0.00000    0.00000    0.00000    0.00000    0.29000    0.48300    2.97000    -5.22299   6.31898    28.18900
C-G        0.00000    0.00000    0.00000    0.00000    0.00000    0.00000    -0.37700   -0.39100   3.42400    -3.50094   14.07603   34.61903
T-A        0.00000    0.00000    0.00000    0.00000    0.00000    0.00000    -0.59700   -0.51900   3.26400    0.52699    4.98500    30.07298
T-A        0.00000    0.00000    0.00000    0.00000    0.00000    0.00000    -0.18300   -0.04000   3.33000    -0.79301   9.81802    35.30799
T-A        0.00000    0.00000    0.00000    0.00000    0.00000    0.00000    0.89100    0.11600    3.29000    -0.61200   4.18099    30.77200
C-G        0.00000    0.00000    0.00000    0.00000    0.00000    0.00000    -0.12000   -0.23000   3.35300    -1.59600   1.52402    35.30699
A-T        0.00000    0.00000    0.00000    0.00000    0.00000    0.00000    -0.09500   -0.58900   3.17100    -0.26202   -0.75002   31.91901
T-A        0.00000    0.00000    0.00000    0.00000    0.00000    0.00000    -0.16000   0.18600    3.53900    -2.11499   -7.48801   43.59599
T-A        0.00000    0.00000    0.00000    0.00000    0.00000    0.00000    -0.29300   -0.63000   3.24500    0.28400    -0.53603   32.21202
G-C        0.00000    0.00000    0.00000    0.00000    0.00000    0.00000    0.28200    -0.07400   3.13600    3.22004    0.45404    35.13699
A-T        0.00000    0.00000    0.00000    0.00000    0.00000    0.00000    -0.00000   -0.00000   3.40000    0.46486    -0.96528   34.28572
G-C        0.00000    0.00000    0.00000    0.00000    0.00000    0.00000    0.09000    -0.25000   3.34000    -1.69994   4.50001    31.90002
A-T        0.00000    0.00000    0.00000    0.00000    0.00000    0.00000    -0.28000   0.09000    3.37001    -1.49989   1.89988    36.30007
A-T        0.00000    0.00000    0.00000    0.00000    0.00000    0.00000    -0.03000   -0.08001   3.27000    -1.39995   0.69976    35.10010
A-T        0.00000    0.00000    0.00000    0.00000    0.00000    0.00000    -0.03000   -0.08001   3.27000    -1.40001   0.69972    35.10011
G-C        0.00000    0.00000    0.00000    0.00000    0.00000    0.00000    0.08999    -0.25000   3.34000    -1.70004   4.49991    31.90004
A-T        0.00000    0.00000    0.00000    0.00000    0.00000    0.00000    -0.28000   0.09000    3.37000    -1.50011   1.89991    36.30001
T-A        0.00000    0.00000    0.00000    0.00000    0.00000    0.00000    -0.00000   -0.59000   3.31000    -0.00000   1.10003    29.29998
G-C        0.00000    0.00000    0.00000    0.00000    0.00000    0.00000    -0.13000   -0.58001   3.36000    0.09992    0.70012    31.49996
C-G        0.00000    0.00000    0.00000    0.00000    0.00000    0.00000    -0.00000   -0.38001   3.40000    -0.00004   0.30017    33.59995
C-G        0.00000    0.00000    0.00000    0.00000    0.00000    0.00000    -0.04999   -0.22000   3.42000    0.10007    3.60016    32.89999
T-A        0.00000    0.00000    0.00000    0.00000    0.00000    0.00000    0.28001    0.09000    3.37000    1.50009    1.90007    36.30002
C-G        0.00000    0.00000    0.00000    0.00000    0.00000    0.00000    -0.09000   -0.24999   3.34000    1.70012    4.49999    31.90000
A-T        0.00000    0.00000    0.00000    0.00000    0.00000    0.00000    0.09000    0.53001    3.33000    0.50011    4.69985    37.30017
G-C        0.00000    0.00000    0.00000    0.00000    0.00000    0.00000    0.09000    -0.25000   3.34000    -1.69995   4.49991    31.90005
C-G        0.00000    0.00000    0.00000    0.00000    0.00000    0.00000    0.00000    -0.37999   3.40000    0.00000    0.29982    33.60010
T-A        0.00000    0.00000    0.00000    0.00000    0.00000    0.00000    0.28000    0.09000    3.37000    1.49995    1.89991    36.30004
C-G        0.00000    0.00000    0.00000    0.00000    0.00000    0.00000    -0.09000   -0.25000   3.34000    1.69990    4.49994    31.90004
T-A        0.00000    0.00000    0.00000    0.00000    0.00000    0.00000    0.28000    0.09000    3.37000    1.49994    1.90000    36.30002
G-C        0.00000    0.00000    0.00000    0.00000    0.00000    0.00000    -0.13000   -0.58001   3.36000    0.09995    0.70014    31.49997
T-A        0.00000    0.00000    0.00000    0.00000    0.00000    0.00000    -0.09000   0.53000    3.33000    -0.49999   4.70010    37.29997
T-A        0.00000    0.00000    0.00000    0.00000    0.00000    0.00000    0.03000    -0.08000   3.27000    1.40005    0.70016    35.09995
A-T        0.00000    0.00000    0.00000    0.00000    0.00000    0.00000    0.00000    0.05000    3.42000    0.00003    3.30013    37.79998
C-G        0.00000    0.00000    0.00000    0.00000    0.00000    0.00000    0.13000    -0.58000   3.36000    -0.09993   0.69996    31.50002
A-T        0.00000    0.00000    0.00000    0.00000    0.00000    0.00000    0.09000    0.53002    3.33000    0.50010    4.69983    37.30021
G-C        0.00000    0.00000    0.00000    0.00000    0.00000    0.00000    0.09000    -0.25000   3.34000    -1.69998   4.49992    31.90005
G-C        0.00000    0.00000    0.00000    0.00000    0.00000    0.00000    0.05000    -0.22000   3.42000    -0.10002   3.59988    32.90003
T-A        0.00000    0.00000    0.00000    0.00000    0.00000    0.00000    -0.09000   0.53000    3.33000    -0.50005   4.69994    37.30004
C-G        0.00000    0.00000    0.00000    0.00000    0.00000    0.00000    -0.09000   -0.25000   3.34000    1.69992    4.50002    31.90001
A-T        0.00000    0.00000    0.00000    0.00000    0.00000    0.00000    0.09000    0.52999    3.33000    0.49993    4.70015    37.29990
C-G        0.00000    0.00000    0.00000    0.00000    0.00000    0.00000    0.13000    -0.58000   3.36000    -0.10004   0.70011    31.49995
T-A        0.00000    0.00000    0.00000    0.00000    0.00000    0.00000    0.28000    0.09000    3.37000    1.50003    1.90007    36.29999
A-T        0.00000    0.00000    0.00000    0.00000    0.00000    0.00000    0.00000    0.04999    3.42000    0.00003    3.30023    37.79990
A-T        0.00000    0.00000    0.00000    0.00000    0.00000    0.00000    -0.03000   -0.08000   3.27000    -1.39993   0.69999    35.09999
T-A        0.00000    0.00000    0.00000    0.00000    0.00000    0.00000    0.00000    -0.59000   3.31000    0.00007    1.09990    29.30004
A-T        0.00000    0.00000    0.00000    0.00000    0.00000    0.00000    -0.00000   0.05001    3.42000    0.00000    3.29969    37.80013
C-G        0.00000    0.00000    0.00000    0.00000    0.00000    0.00000    0.13000    -0.58000   3.36000    -0.09999   0.69989    31.50005
C-G        0.00000    0.00000    0.00000    0.00000    0.00000    0.00000    -0.05001   -0.21999   3.42000    0.09994    3.59988    32.90003
A-T        0.00000    0.00000    0.00000    0.00000    0.00000    0.00000    0.09000    0.53000    3.33000    0.49993    4.69997    37.29996
T-A        0.00000    0.00000    0.00000    0.00000    0.00000    0.00000    -0.00000   -0.59000   3.31000    -0.00002   1.10007    29.30000
C-G        0.00000    0.00000    0.00000    0.00000    0.00000    0.00000    -0.09000   -0.25000   3.34000    1.69996    4.50013    31.89995
T-A        0.00000    0.00000    0.00000    0.00000    0.00000    0.00000    0.28000    0.09000    3.37000    1.50002    1.90006    36.29998
A-T        0.00000    0.00000    0.00000    0.00000    0.00000    0.00000    0.00000    0.04999    3.42000    0.00002    3.30025    37.79987
A-T        0.00000    0.00000    0.00000    0.00000    0.00000    0.00000    -0.03000   -0.08000   3.27000    -1.39993   0.70006    35.09995
G-C        0.00000    0.00000    0.00000    0.00000    0.00000    0.00000    0.09000    -0.25000   3.34000    -1.69994   4.49997    31.90000
T-A        0.00000    0.00000    0.00000    0.00000    0.00000    0.00000    -0.09000   0.53000    3.33000    -0.49996   4.69992    37.30004
A-T        0.00000    0.00000    0.00000    0.00000    0.00000    0.00000    -0.00000   0.05001    3.42000    -0.00004   3.29979    37.80008
G-C        0.00000    0.00000    0.00000    0.00000    0.00000    0.00000    0.09000    -0.25000   3.34000    -1.70004   4.49994    31.90000
T-A        0.00000    0.00000    0.00000    0.00000    0.00000    0.00000    -0.09000   0.53000    3.33000    -0.50003   4.69996    37.29999
T-A        0.00000    0.00000    0.00000    0.00000    0.00000    0.00000    0.03000    -0.08000   3.27000    1.39996    0.70003    35.09998
G-C        0.00000    0.00000    0.00000    0.00000    0.00000    0.00000    -0.13000   -0.58001   3.36000    0.09995    0.70012    31.49991
A-T        0.00000    0.00000    0.00000    0.00000    0.00000    0.00000    -0.28000   0.09000    3.37000    -1.50003   1.90011    36.29994
T-A        0.00000    0.00000    0.00000    0.00000    0.00000    0.00000    0.00000    -0.59000   3.31000    0.00005    1.10010    29.29995
T-A        0.00000    0.00000    0.00000    0.00000    0.00000    0.00000    0.03000    -0.08000   3.27000    1.40003    0.70008    35.09996
C-G        0.00000    0.00000    0.00000    0.00000    0.00000    0.00000    -0.09000   -0.25000   3.34000    1.70006    4.50001    31.89999
A-T        0.00000    0.00000    0.00000    0.00000    0.00000    0.00000    0.09000    0.53000    3.33000    0.50005    4.69995    37.29998
T-A        0.00000    0.00000    0.00000    0.00000    0.00000    0.00000    -0.00000   -0.59000   3.31000    -0.00003   1.09992    29.30002
A-T        0.00000    0.00000    0.00000    0.00000    0.00000    0.00000    -0.00000   0.05000    3.42000    -0.00006   3.29992    37.80000
G-C        0.00000    0.00000    0.00000    0.00000    0.00000    0.00000    0.09000    -0.25000   3.34000    -1.70001   4.49999    31.90001
T-A        0.00000    0.00000    0.00000    0.00000    0.00000    0.00000    -0.09000   0.53000    3.33000    -0.50002   4.70000    37.29999
G-C        0.00000    0.00000    0.00000    0.00000    0.00000    0.00000    -0.13000   -0.58001   3.36000    0.09996    0.70004    31.49995
A-T        0.00000    0.00000    0.00000    0.00000    0.00000    0.00000    -0.28000   0.09000    3.37000    -1.50004   1.90007    36.29996
C-G        0.00000    0.00000    0.00000    0.00000    0.00000    0.00000    0.13000    -0.58000   3.36000    -0.10001   0.70005    31.49996
T-A        0.00000    0.00000    0.00000    0.00000    0.00000    0.00000    0.28000    0.09000    3.37000    1.50002    1.90006    36.29999
G-C        0.00000    0.00000    0.00000    0.00000    0.00000    0.00000    -0.13000   -0.58001   3.36000    0.10003    0.69999    31.49993
C-G        0.00000    0.00000    0.00000    0.00000    0.00000    0.00000    0.00000    -0.38000   3.40000    0.00004    0.30002    33.59996
A-T        0.00000    0.00000    0.00000    0.00000    0.00000    0.00000    0.09000    0.53000    3.33000    0.50002    4.69997    37.29996
T-A        0.00000    0.00000    0.00000    0.00000    0.00000    0.00000    -0.00000   -0.59000   3.31000    -0.00002   1.09995    29.30000
A-T        0.00000    0.00000    0.00000    0.00000    0.00000    0.00000    -0.00000   0.05000    3.42000    -0.00008   3.29999    37.79997
T-A        0.00000    0.00000    0.00000    0.00000    0.00000    0.00000    0.00000    -0.59000   3.31000    0.00000    1.10000    29.29999
G-C        0.00000    0.00000    0.00000    0.00000    0.00000    0.00000    -0.13000   -0.58000   3.36000    0.10000    0.70002    31.49996
T-A        0.00000    0.00000    0.00000    0.00000    0.00000    0.00000    -0.09000   0.53000    3.33000    -0.50001   4.70002    37.29999
T-A        0.00000    0.00000    0.00000    0.00000    0.00000    0.00000    0.03000    -0.08000   3.27000    1.40001    0.70005    35.09998
G-C        0.00000    0.00000    0.00000    0.00000    0.00000    0.00000    -0.13000   -0.58000   3.36000    0.10000    0.70003    31.49999
T-A        0.00000    0.00000    0.00000    0.00000    0.00000    0.00000    -0.09000   0.53000    3.33000    -0.50000   4.70002    37.29997
G-C        0.00000    0.00000    0.00000    0.00000    0.00000    0.00000    -0.13000   -0.58000   3.36000    0.10001    0.70000    31.49998
T-A        0.00000    0.00000    0.00000    0.00000    0.00000    0.00000    -0.09000   0.53000    3.33000    -0.49998   4.69999    37.30000
T-A        0.00000    0.00000    0.00000    0.00000    0.00000    0.00000    0.03000    -0.08000   3.27000    1.40000    0.69997    35.10000
T-A        0.00000    0.00000    0.00000    0.00000    0.00000    0.00000    0.03000    -0.08000   3.27000    1.39999    0.69998    35.09999
T-A        0.00000    0.00000    0.00000    0.00000    0.00000    0.00000    0.03000    -0.08000   3.27000    1.39999    0.70000    35.09998
A-T        0.00000    0.00000    0.00000    0.00000    0.00000    0.00000    -0.00000   0.05000    3.42000    -0.00001   3.30006    37.79997
C-G        0.00000    0.00000    0.00000    0.00000    0.00000    0.00000    0.13000    -0.58000   3.36000    -0.10001   0.70003    31.49998
A-T        0.00000    0.00000    0.00000    0.00000    0.00000    0.00000    0.09000    0.53000    3.33000    0.50000    4.70004    37.30001
G-C        0.00000    0.00000    0.00000    0.00000    0.00000    0.00000    0.09000    -0.25000   3.34000    -1.69999   4.49999    31.89997
T-A        0.00000    0.00000    0.00000    0.00000    0.00000    0.00000    -0.09000   0.53000    3.33000    -0.49998   4.70000    37.29999
A-T        0.00000    0.00000    0.00000    0.00000    0.00000    0.00000    -0.00000   0.05000    3.42000    -0.00000   3.29995    37.80001
T-A        0.00000    0.00000    0.00000    0.00000    0.00000    0.00000    -0.00000   -0.59000   3.31000    -0.00003   1.09997    29.30001
T-A        0.00000    0.00000    0.00000    0.00000    0.00000    0.00000    0.03000    -0.08000   3.27000    1.39998    0.69997    35.09999
A-T        0.00000    0.00000    0.00000    0.00000    0.00000    0.00000    -0.00000   0.05000    3.42000    -0.00005   3.30008    37.79993
T-A        0.00000    0.00000    0.00000    0.00000    0.00000    0.00000    0.00000    -0.59000   3.31000    0.00001    1.10002    29.29998
G-C        0.00000    0.00000    0.00000    0.00000    0.00000    0.00000    -0.13000   -0.58001   3.36000    0.09998    0.70005    31.49991
T-A        0.00000    0.00000    0.00000    0.00000    0.00000    0.00000    -0.09000   0.53000    3.33000    -0.49999   4.70005    37.30000
A-T        0.00000    0.00000    0.00000    0.00000    0.00000    0.00000    0.00000    0.05000    3.42000    0.00002    3.30001    37.80002
G-C        0.00000    0.00000    0.00000    0.00000    0.00000    0.00000    0.09000    -0.25000   3.34000    -1.70000   4.49999    31.89999
T-A        0.00000    0.00000    0.00000    0.00000    0.00000    0.00000    -0.09000   0.53000    3.33000    -0.49999   4.69998    37.30001
C-G        0.00000    0.00000    0.00000    0.00000    0.00000    0.00000    -0.09000   -0.25000   3.34000    1.70003    4.49994    31.90000
T-A        0.00000    0.00000    0.00000    0.00000    0.00000    0.00000    0.28000    0.09000    3.37000    1.50000    1.89997    36.30000
G-C        0.00000    0.00000    0.00000    0.00000    0.00000    0.00000    -0.13000   -0.58000   3.36000    0.09996    0.69998    31.49999
T-A        0.00000    0.00000    0.00000    0.00000    0.00000    0.00000    -0.09000   0.53000    3.33000    -0.50002   4.69996    37.30003
T-A        0.00000    0.00000    0.00000    0.00000    0.00000    0.00000    0.03000    -0.08000   3.27000    1.39998    0.70004    35.09997
T-A        0.00000    0.00000    0.00000    0.00000    0.00000    0.00000    0.03000    -0.08000   3.27000    1.39999    0.70006    35.09997
T-A        0.00000    0.00000    0.00000    0.00000    0.00000    0.00000    0.03000    -0.08000   3.27000    1.40000    0.70006    35.09997
T-A        0.00000    0.00000    0.00000    0.00000    0.00000    0.00000    0.03000    -0.08000   3.27000    1.40001    0.70004    35.09999
T-A        0.00000    0.00000    0.00000    0.00000    0.00000    0.00000    0.03000    -0.08000   3.27000    1.40003    0.70000    35.10001
A-T        0.00000    0.00000    0.00000    0.00000    0.00000    0.00000    -0.00000   0.05000    3.42000    -0.00001   3.29991    37.80004
T-A        0.00000    0.00000    0.00000    0.00000    0.00000    0.00000    0.00000    -0.59000   3.31000    0.00002    1.09994    29.30002
G-C        0.00000    0.00000    0.00000    0.00000    0.00000    0.00000    -0.13000   -0.57999   3.36000    0.10002    0.69994    31.50003
C-G        0.00000    0.00000    0.00000    0.00000    0.00000    0.00000    0.00000    -0.37999   3.40000    -0.00001   0.29993    33.60007
A-T        0.00000    0.00000    0.00000    0.00000    0.00000    0.00000    0.09000    0.53000    3.33000    0.49992    4.70003    37.29994
A-T        0.00000    0.00000    0.00000    0.00000    0.00000    0.00000    -0.03000   -0.08000   3.27000    -1.40002   0.70004    35.09997
A-T        0.00000    0.00000    0.00000    0.00000    0.00000    0.00000    -0.03000   -0.08000   3.27000    -1.40001   0.70007    35.09995
A-T        0.00000    0.00000    0.00000    0.00000    0.00000    0.00000    -0.03000   -0.08000   3.27000    -1.40000   0.70008    35.09995
T-A        0.00000    0.00000    0.00000    0.00000    0.00000    0.00000    -0.00000   -0.59000   3.31000    -0.00001   1.10004    29.29997
C-G        0.00000    0.00000    0.00000    0.00000    0.00000    0.00000    -0.09000   -0.25000   3.34000    1.70003    4.50002    31.90000
T-A        0.00000    0.00000    0.00000    0.00000    0.00000    0.00000    0.28000    0.09000    3.37000    1.50001    1.90000    36.30001
A-T        0.00000    0.00000    0.00000    0.00000    0.00000    0.00000    0.00000    0.05001    3.42000    0.00001    3.29988    37.80006
A-T        0.00000    0.00000    0.00000    0.00000    0.00000    0.00000    -0.03000   -0.08000   3.27000    -1.40000   0.69990    35.10004
T-A        0.00000    0.00000    0.00000    0.00000    0.00000    0.00000    0.00000    -0.59000   3.31000    0.00001    1.09994    29.30004
T-A        0.00000    0.00000    0.00000    0.00000    0.00000    0.00000    0.03000    -0.08000   3.27000    1.39998    0.69996    35.09999
T-A        0.00000    0.00000    0.00000    0.00000    0.00000    0.00000    0.03000    -0.08000   3.27000    1.39998    0.70002    35.09997
A-T        0.00000    0.00000    0.00000    0.00000    0.00000    0.00000    0.00000    0.04999    3.42000    0.00003    3.30011    37.79994
A-T        0.00000    0.00000    0.00000    0.00000    0.00000    0.00000    -0.03000   -0.08000   3.27000    -1.40002   0.70010    35.09996
T-A        0.00000    0.00000    0.00000    0.00000    0.00000    0.00000    -0.00000   -0.59000   3.31000    0.00000    1.10007    29.29997
A-T        0.00000    0.00000    0.00000    0.00000    0.00000    0.00000    -0.00000   0.05000    3.42000    -0.00003   3.30008    37.79998
T-A        0.00000    0.00000    0.00000    0.00000    0.00000    0.00000    0.00000    -0.59000   3.31000    0.00002    1.09999    29.30002
A-T        0.00000    0.00000    0.00000    0.00000    0.00000    0.00000    0.00000    0.05000    3.42000    0.00005    3.29990    37.80006
T-A        0.00000    0.00000    0.00000    0.00000    0.00000    0.00000    0.00000    -0.59000   3.31000    0.00001    1.09992    29.30005
T-A        0.00000    0.00000    0.00000    0.00000    0.00000    0.00000    0.03000    -0.08000   3.27000    1.40001    0.69990    35.10004
G-C        0.00000    0.00000    0.00000    0.00000    0.00000    0.00000    -0.13000   -0.57999   3.36000    0.09996    0.69994    31.50008
A-T        0.00000    0.00000    0.00000    0.00000    0.00000    0.00000    -0.28000   0.09000    3.37000    -1.50004   1.89997    36.29998
T-A        0.00000    0.00000    0.00000    0.00000    0.00000    0.00000    -0.00000   -0.59000   3.31000    -0.00004   1.10002    29.29998
A-T        0.00000    0.00000    0.00000    0.00000    0.00000    0.00000    -0.00000   0.04999    3.42000    -0.00004   3.30014    37.79994
T-A        0.00000    0.00000    0.00000    0.00000    0.00000    0.00000    -0.00000   -0.59000   3.31000    -0.00001   1.10007    29.29997
T-A        0.00000    0.00000    0.00000    0.00000    0.00000    0.00000    0.03000    -0.08000   3.27000    1.40001    0.70006    35.09996
T-A        0.00000    0.00000    0.00000    0.00000    0.00000    0.00000    0.03000    -0.08000   3.27000    1.40003    0.70002    35.09999
A-T        0.00000    0.00000    0.00000    0.00000    0.00000    0.00000    0.00000    0.05000    3.42000    0.00004    3.29997    37.80003
T-A        0.00000    0.00000    0.00000    0.00000    0.00000    0.00000    0.00000    -0.59000   3.31000    0.00005    1.09994    29.30005
A-T        0.00000    0.00000    0.00000    0.00000    0.00000    0.00000    0.00000    0.05001    3.42000    0.00006    3.29981    37.80009
T-A        0.00000    0.00000    0.00000    0.00000    0.00000    0.00000    0.00000    -0.59000   3.31000    0.00001    1.09992    29.30004
C-G        0.00000    0.00000    0.00000    0.00000    0.00000    0.00000    -0.09000   -0.25000   3.34000    1.69999    4.49995    31.90002
A-T        0.00000    0.00000    0.00000    0.00000    0.00000    0.00000    0.09000    0.53000    3.33000    0.49998    4.69999    37.29998
T-A        0.00000    0.00000    0.00000    0.00000    0.00000    0.00000    -0.00000   -0.59000   3.31000    -0.00006   1.10004    29.29997
T-A        0.00000    0.00000    0.00000    0.00000    0.00000    0.00000    0.03000    -0.08000   3.27000    1.39998    0.70008    35.09995
T-A        0.00000    0.00000    0.00000    0.00000    0.00000    0.00000    0.03000    -0.08000   3.27000    1.39999    0.70008    35.09995
T-A        0.00000    0.00000    0.00000    0.00000    0.00000    0.00000    0.03000    -0.08000   3.27000    1.40002    0.70006    35.09998
A-T        0.00000    0.00000    0.00000    0.00000    0.00000    0.00000    0.00000    0.05000    3.42000    0.00003    3.30006    37.79998
C-G        0.00000    0.00000    0.00000    0.00000    0.00000    0.00000    0.13000    -0.58000   3.36000    -0.09998   0.69998    31.50000
G-C        0.00000    0.00000    0.00000    0.00000    0.00000    0.00000    -0.00000   0.41000    3.39000    -0.00002   5.39993    36.10005
T-A        0.00000    0.00000    0.00000    0.00000    0.00000    0.00000    -0.09000   0.53000    3.33000    -0.49999   4.69997    37.30003
T-A        0.00000    0.00000    0.00000    0.00000    0.00000    0.00000    0.03000    -0.08000   3.27000    1.39999    0.69994    35.10002
T-A        0.00000    0.00000    0.00000    0.00000    0.00000    0.00000    0.03000    -0.08000   3.27000    1.39996    0.69998    35.10000
C-G        0.00000    0.00000    0.00000    0.00000    0.00000    0.00000    -0.09000   -0.25000   3.34000    1.70000    4.50004    31.90001
T-A        0.00000    0.00000    0.00000    0.00000    0.00000    0.00000    0.28000    0.09000    3.37000    1.50004    1.90000    36.29995
C-G        0.00000    0.00000    0.00000    0.00000    0.00000    0.00000    -0.09000   -0.25000   3.34000    1.70001    4.50008    31.89999
G-C        0.00000    0.00000    0.00000    0.00000    0.00000    0.00000    0.00000    0.41000    3.39000    -0.00000   5.40005    36.09995
T-A        0.00000    0.00000    0.00000    0.00000    0.00000    0.00000    -0.09000   0.53000    3.33000    -0.49997   4.70004    37.29999
T-A        0.00000    0.00000    0.00000    0.00000    0.00000    0.00000    0.03000    -0.08000   3.27000    1.40005    0.69997    35.10002
C-G        0.00000    0.00000    0.00000    0.00000    0.00000    0.00000    -0.09000   -0.25000   3.34000    1.70001    4.49992    31.90001
A-T        0.00000    0.00000    0.00000    0.00000    0.00000    0.00000    0.09000    0.53001    3.33000    0.50003    4.69993    37.30004
G-C        0.00000    0.00000    0.00000    0.00000    0.00000    0.00000    0.08999    -0.25000   3.34000    -1.70004   4.49998    31.90005
C-G        0.00000    0.00000    0.00000    0.00000    0.00000    0.00000    -0.00000   -0.38000   3.40000    -0.00001   0.29997    33.60004
T-A        0.00000    0.00000    0.00000    0.00000    0.00000    0.00000    0.28000    0.09000    3.37000    1.49999    1.90002    36.30000
T-A        0.00000    0.00000    0.00000    0.00000    0.00000    0.00000    0.03000    -0.08000   3.27000    1.40000    0.70005    35.09998
T-A        0.00000    0.00000    0.00000    0.00000    0.00000    0.00000    0.03000    -0.08000   3.27000    1.40002    0.70007    35.09998
T-A        0.00000    0.00000    0.00000    0.00000    0.00000    0.00000    0.03000    -0.08000   3.27000    1.40003    0.70006    35.09999
T-A        0.00000    0.00000    0.00000    0.00000    0.00000    0.00000    0.03000    -0.08000   3.27000    1.40004    0.70002    35.10000
T-A        0.00000    0.00000    0.00000    0.00000    0.00000    0.00000    0.03000    -0.08000   3.27000    1.40003    0.69999    35.10001
A-T        0.00000    0.00000    0.00000    0.00000    0.00000    0.00000    0.00000    0.05000    3.42000    0.00004    3.29989    37.80004
T-A        0.00000    0.00000    0.00000    0.00000    0.00000    0.00000    -0.00000   -0.59000   3.31000    -0.00000   1.09995    29.30001
A-T        0.00000    0.00000    0.00000    0.00000    0.00000    0.00000    0.00000    0.05000    3.42000    0.00001    3.29995    37.79999
C-G        0.00000    0.00000    0.00000    0.00000    0.00000    0.00000    0.13000    -0.58000   3.36000    -0.10001   0.69999    31.50003
T-A        0.00000    0.00000    0.00000    0.00000    0.00000    0.00000    0.28000    0.09000    3.37000    1.50000    1.89999    36.30000
A-T        0.00000    0.00000    0.00000    0.00000    0.00000    0.00000    -0.00000   0.05000    3.42000    -0.00001   3.30008    37.79998
A-T        0.00000    0.00000    0.00000    0.00000    0.00000    0.00000    -0.03000   -0.08000   3.27000    -1.40000   0.70005    35.09999
C-G        0.00000    0.00000    0.00000    0.00000    0.00000    0.00000    0.13000    -0.58000   3.36000    -0.10003   0.70002    31.50001
T-A        0.00000    0.00000    0.00000    0.00000    0.00000    0.00000    0.28000    0.09000    3.37000    1.50001    1.90001    36.29999
T-A        0.00000    0.00000    0.00000    0.00000    0.00000    0.00000    0.03000    -0.08000   3.27000    1.40000    0.69999    35.09999
G-C        0.00000    0.00000    0.00000    0.00000    0.00000    0.00000    -0.13000   -0.58000   3.36000    0.10000    0.69997    31.50000
A-T        0.00000    0.00000    0.00000    0.00000    0.00000    0.00000    -0.28000   0.09000    3.37000    -1.50001   1.89996    36.30000
G-C        0.00000    0.00000    0.00000    0.00000    0.00000    0.00000    0.09000    -0.25000   3.34000    -1.70002   4.49997    31.90001
C-G        0.00000    0.00000    0.00000    0.00000    0.00000    0.00000    0.00000    -0.38000   3.40000    0.00000    0.30000    33.59998
G-C        0.00000    0.00000    0.00000    0.00000    0.00000    0.00000    0.00001    0.41000    3.39000    0.00002    5.39997    36.10002
A-T        0.00000    0.00000    0.00000    0.00000    0.00000    0.00000    -0.28000   0.09000    3.37000    -1.50001   1.90002    36.30002
A-T        0.00000    0.00000    0.00000    0.00000    0.00000    0.00000    -0.03000   -0.08000   3.27000    -1.39997   0.70002    35.09998
A-T        0.00000    0.00000    0.00000    0.00000    0.00000    0.00000    -0.03000   -0.08000   3.27000    -1.39996   0.70002    35.09998
C-G        0.00000    0.00000    0.00000    0.00000    0.00000    0.00000    0.13000    -0.58000   3.36000    -0.09998   0.69998    31.49998
G-C        0.00000    0.00000    0.00000    0.00000    0.00000    0.00000    -0.00000   0.41000    3.39000    0.00000    5.40003    36.09996
G-C        0.00000    0.00000    0.00000    0.00000    0.00000    0.00000    0.05000    -0.22000   3.42000    -0.09995   3.60001    32.90003
G-C        0.00000    0.00000    0.00000    0.00000    0.00000    0.00000    0.05000    -0.22000   3.42000    -0.09998   3.59998    32.90004
A-T        0.00000    0.00000    0.00000    0.00000    0.00000    0.00000    -0.28000   0.09000    3.37000    -1.50001   1.89998    36.30000
A-T        0.00000    0.00000    0.00000    0.00000    0.00000    0.00000    -0.03000   -0.08000   3.27000    -1.40001   0.70000    35.10001
G-C        0.00000    0.00000    0.00000    0.00000    0.00000    0.00000    0.09000    -0.25000   3.34000    -1.69998   4.50002    31.90002
G-C        0.00000    0.00000    0.00000    0.00000    0.00000    0.00000    0.05000    -0.22000   3.42000    -0.10000   3.59999    32.90000
G-C        0.00000    0.00000    0.00000    0.00000    0.00000    0.00000    0.05000    -0.22000   3.42000    -0.09997   3.60000    32.89999
T-A        0.00000    0.00000    0.00000    0.00000    0.00000    0.00000    -0.09000   0.53000    3.33000    -0.50000   4.70001    37.29999
T-A        0.00000    0.00000    0.00000    0.00000    0.00000    0.00000    0.03000    -0.08000   3.27000    1.40000    0.70000    35.10000
